News_Title,News_Content
চাঁপাইনবাবগঞ্জে সংবাদ সংগ্রহে গিয়ে সাংবাদিক মারধরের শিকার,"চাঁপাইনবাবগঞ্জে বিএনপির প্রার্থী পরিবর্তনের দাবিতে মশালমিছিলের সংবাদ সংগ্রহ করতে গিয়ে এক সাংবাদিক মারধরের শিকার হয়েছেন। গতকাল বৃহস্পতিবার রাতে গোমস্তাপুর উপজেলার রহনপুর কলেজ মোড়ে এ ঘটনা ঘটে।
মারধরের শিকার জাহাঙ্গীর আলম সময় টিভির চাঁপাইনবাবগঞ্জের প্রতিবেদক। তাঁর অভিযোগ, বিএনপির মনোনীত প্রার্থী ও সাবেক সংসদ সদস্য আমিনুল ইসলামের সমর্থকেরা মারধর করে তাঁর ক্যামেরা ভেঙে ফেলেন। এ ঘটনায় গোমস্তাপুর থানায় লিখিত অভিযোগ দিয়েছেন তিনি।
জাহাঙ্গীর আলম বলেন, গতকাল রাত আটটার দিকে চাঁপাইনবাবগঞ্জ–২ (নাচোল, গোমস্তাপুর ও ভোলাহাট) আসনে বিএনপির প্রার্থী বাতিলের দাবিতে অনুষ্ঠিত মশালমিছিলের সংবাদ সংগ্রহ করতে যান তিনি। এ সময় রহনপুর কলেজ মোড়ে বিএনপি মনোনীত প্রার্থী আমিনুল ইসলামের সমর্থক মো. শুভসহ (২৫) কয়েকজন হঠাৎ তাঁকে ঘিরে ধরেন। এ সময় তাঁকে মারধর করা হয়। সাংবাদিক পরিচয় দিলেও তাঁকে মারধর করা হয়। এ সময় তাঁর ক্যামেরা ভেঙে ফেলেন হামলাকারীরা। ঘটনার সময় এখন টিভির প্রতিনিধি সোহান মাহমুদ বাধা দিতে গেলে তাঁকেও লাঞ্ছিত করা হয়। তাঁদের গালাগাল ও ভয়ভীতি দেখানো হয়। এ সময় ওই দলটিকে দেশি অস্ত্র নিয়ে মহড়া দিতে দেখা যায়। পরে স্থানীয় ও পথচারীরা এগিয়ে এসে বাধা দিলে তাঁরা ঘটনাস্থল ত্যাগ করেন।
লিখিত অভিযোগের বিষয়টি নিশ্চিত করে গোমস্তাপুর থানার ভারপ্রাপ্ত কর্মকর্তা (ওসি) ফরিদ আহমেদ প্রথম আলোকে বলেন, ঘটনার বিষয়ে তদন্ত চলছে। সত্যতা পাওয়া গেলে মামলা হবে।
এ বিষয়ে বিএনপির মনোনীত প্রার্থী আমিনুল ইসলাম বলেন, ‘অভিযুক্ত শুভ আমারই সমর্থক। তবে তিনি (শুভ) মারধরের অভিযোগ অস্বীকার করে বলেছেন, তিনি তাঁকে (সাংবাদিক) ঠেলে সরিয়ে দেওয়ার চেষ্টা করেছেন। সাংবাদিক পরিচয় পেয়ে সরি বলেছেন। শুভ অপরাধ করে থাকলে আমি তাঁর পক্ষ থেকে ক্ষমা চেয়ে নেব।’"
প্রথমে এক নারী সাংবাদিককে ‘শূকরছানা’ এবং এবার আরেকজনকে ‘কুৎসিত’ বলে আক্রমণ করলেন ট্রাম্প,"মার্কিন প্রেসিডেন্ট ডোনাল্ড ট্রাম্পের শরীরে বার্ধক্যের ছাপ ফুটে ওঠা নিয়ে দ্য নিউইয়র্ক টাইমস বিশদ ও তথ্যভিত্তিক একটি প্রতিবেদন তৈরি করেছে। ৭৯ বছর বয়সী ট্রাম্প এর প্রতিক্রিয়ায় ওই প্রতিবেদনের সহলেখক নারী সাংবাদিককে ‘কুৎসিত’ বলে উল্লেখ করেছেন।
ট্রাম্প গতকাল বুধবার নিজের সামাজিক যোগাযোগমাধ্যম ট্রুথ সোশ্যালে দেওয়া এক পোস্ট এ মন্তব্য করেন। এর ঠিক দুই সপ্তাহের কম সময় আগে তিনি আরেক নারী সাংবাদিককে ক্ষিপ্ত হয়ে বলেছিলেন, ‘চুপ কর, শূকরছানা।’
ট্রাম্পের প্রথম মেয়াদের সঙ্গে তুলনা করে নিউইয়র্ক টাইমসের প্রতিবেদনে বলা হয়, বর্তমানে ট্রাম্পকে জনসমক্ষে আগের তুলনায় কম দেখা যায়। তাঁর কর্মসূচি সীমিত হয়ে এসেছে। তিনি দেশের ভেতরে আগের চেয়ে অনেক কম সফর করছেন, যদিও বিদেশ সফর বেড়েছে।
প্রতিবেদনে আরও বলা হয়, জনসমক্ষে উপস্থিত হলে কখনো কখনো তাঁর ‘ব্যাটারির চার্জ কম’ মনে হয়। তবে মার্কিন জনজীবনে তিনি এখনো প্রায় সর্বত্র উপস্থিত। পাশাপাশি সাবেক প্রেসিডেন্ট জো বাইডেনের তুলনায় সংবাদমাধ্যমের প্রশ্নের জবাবও অনেক বেশিই দিচ্ছেন।
গতকাল ট্রুথ সোশ্যালে দেওয়া পোস্টে ট্রাম্প নিউইয়র্ক টাইমসকে আক্রমণ করে লেখেন, ‘ব্যর্থ নিউইয়র্ক টাইমস অসভ্যতা আবার শুরু করেছে।’
ট্রাম্প ওই প্রতিবেদনের পুরুষ সহলেখক ডিলান ফ্রিডম্যানের নাম উল্লেখ না করলেও নারী প্রতিবেদক কেটি রজার্সকে ব্যক্তিগতভাবে আক্রমণ করেন। কেটি নিউইয়র্ক টাইমসের হোয়াইট হাউস প্রতিবেদক।
ট্রাম্প লিখেছেন, ‘এ প্রতিবেদনের লেখক কেটি রজার্সকে শুধু আমার বিরুদ্ধে খারাপ কথা লেখার জন্য নিয়োগ দেওয়া হয়েছে। তিনি অত্যন্ত নিচু মানের সাংবাদিক এবং ভেতর ও বাহির—দুই দিক থেকেই কুৎসিত।’
নিজের স্বাস্থ্য নিয়ে ট্রাম্প বলেন, তিনি শারীরিক ও মানসিকভাবে বেশ ভালো আছেন। এ–সংক্রান্ত পরীক্ষায় সম্প্রতি তিনি ভালোভাবেই উত্তীর্ণ হয়েছেন।
মার্কিন প্রেসিডেন্ট নিউইয়র্ক টাইমসেরও ব্যাপক সমালোচনা করছেন। তিনি দাবি করেছেন, সংবাদমাধ্যমটি শিগগিরই বন্ধ হয়ে যাবে।
দ্য নিউইয়র্ক টাইমসের এক মুখপাত্র ট্রাম্পের ব্যক্তিগত আক্রমণের জবাবে বলেন, ‘আমাদের প্রতিবেদনে তথ্যভিত্তিক সত্য প্রকাশ করা হয়েছে। ব্যক্তিগত অপমান বা ভীতি প্রদর্শন আমাদের সাংবাদিকদের কাজ থামাতে পারবে না। কেটি রজার্সের মতো অভিজ্ঞ ও নিরপেক্ষ সাংবাদিকেরাই যুক্তরাষ্ট্রের জনগণকে সরকার সম্পর্কে ভালোভাবে বুঝতে সহায়তা করেন।’"
"‘আপনাদের কার্যক্রম তো সন্ত্রাসীদের মতো’ সাংবাদিকদের বললেন নির্বাহী ম্যাজিস্ট্রেট, ভিডিও ভাইরাল","সংবাদ সংগ্রহে যাওয়ার সময় নৌকায় মোটরসাইকেল তোলা নিয়ে বাগ্‌বিতণ্ডায় পঞ্চগড়ের কয়েকজন সাংবাদিককে ‘আপনাদের কার্যক্রম তো সন্ত্রাসীদের মতো’ বলেছেন জেলা প্রশাসনের একজন নির্বাহী ম্যাজিস্ট্রেট। এ ঘটনার একটি ভিডিও ফেসবুকে ছড়িয়ে পড়েছে।
আজ রোববার দুপুরে পঞ্চগড়ের বোদা উপজেলার মাড়েয়া বামনহাট ইউনিয়নের করতোয়া নদীর আউলিয়ার ঘাটে এই ঘটনা ঘটে। সাংবাদিকদের সঙ্গে তর্কে জড়িয়ে পড়া ওই নির্বাহী ম্যাজিস্ট্রেটের নাম মো. তাহমিদুর রহমান। তিনি পঞ্চগড় জেলা প্রশাসনের সহকারী কমিশনার হিসেবে কর্মরত। মহালয়া উপলক্ষে পুণ্যার্থীদের নদী পারাপারে নিরাপত্তার কাজে নিয়োজিত ছিলেন তিনি।
তবে নির্বাহী ম্যাজিস্ট্রেট তাহমিদুর রহমান দাবি করেন, অনুমতি ছাড়া ভিডিও করা এবং ভিডিও ছড়িয়ে দেওয়ার হুমকি দেওয়ার কারণেই তিনি এ ধরনের কথা বলেছেন।
ঘটনার সময় সেখানে উপস্থিত ছিলেন বাংলাভিশন ও দৈনিক কালবেলার পঞ্চগড় প্রতিনিধি মোশারফ হোসেন, আজকের পত্রিকার পঞ্চগড় প্রতিনিধি ফাহিম হাসান, ঢাকা পোস্টের পঞ্চগড় প্রতিনিধি নুর হাসান এবং ভোরের ডাকের বোদা উপজেলা প্রতিনিধি মাহমুদুল হাসান।
ফেসবুকে ছড়িয়ে পড়া ৩৮ সেকেন্ডের ওই ভিডিওতে দেখা যায়, নির্বাহী ম্যাজিস্ট্রেট সাংবাদিকদের উদ্দেশে বলছেন, ‘আপনাদের কার্যক্রম তো সন্ত্রাসীদের মতো।’ তখন তাঁরা প্রতিবাদ করেন। সাংবাদিকেরা দাবি করেন, এর আগে আরও চারটি মোটরসাইকেল নৌকায় পার হয়েছে। কিন্তু তাঁদের বাধা দেওয়া হয়।
ঘটনাস্থল আউলিয়ার ঘাট থেকে প্রায় দুই কিলোমিটার দূরেই বোদা উপজেলার বড়শশী ইউনিয়নের ত্রিস্রোতা মহাপীঠধাম শ্রীশ্রী বোদেশ্বরী শক্তিপীঠ মন্দির। মহালয়া উপলক্ষে সেখানে আজ সকাল থেকে পূজা চলছে। ২০২২ সালের ২৫ সেপ্টেম্বর মহালয়ার দিন করতোয়া নদীতে নৌকাডুবিতে ৭১ জনের মৃত্যু ও একজন নিখোঁজের ঘটনার পর থেকে প্রশাসন ঘাটে কঠোর নিরাপত্তাব্যবস্থা চালু রেখেছে।
বাংলাভিশন টেলিভিশন ও কালবেলার পঞ্চগড় প্রতিনিধি মোশারফ হোসেন বলেন, ‘মহালয়ার খবর সংগ্রহের জন্য আমরা বোদেশ্বরী মন্দিরে যেতে মোটরসাইকেলসহ নৌকায় নদী পার হতে যাই। আমাদের আগেও কয়েকটি মোটরসাইকেল পার হয়েছে। কিন্তু আমরা সাংবাদিক পরিচয় দেওয়ার পর ওই নির্বাহী ম্যাজিস্ট্রেট আমাদের বাধা দেন। অন্যরা যেতে পারলে আমরা কেন পারব না—এই প্রশ্ন করলে তিনি আমাদের সন্ত্রাসী বলে গালাগাল করেন।’
অভিযোগের বিষয়ে নির্বাহী ম্যাজিস্ট্রেট তাহমিদুর রহমান মুঠোফোনে প্রথম আলোকে বলেন, ‘২০২২ সালের নৌকাডুবির ঘটনার পর প্রশাসনের নির্দেশনা ছিল—এক নৌকায় যেন ৩০ জনের বেশি যাত্রী বা কোনো যানবাহন না ওঠে। সাংবাদিকেরা মোটরসাইকেল নিয়ে একই নৌকায় যেতে চাইছিলেন বলে আমি বাধা দিই। পাশ থেকে একজন সাংবাদিক বলেন, আমাকে ভাইরাল করবেন, ঝামেলায় ফেলবেন। এভাবে আমাকে পরোক্ষভাবে হুমকি দেওয়ার জন্যই এই কথা বলেছি। আমি বলেছি, আপনারা স্টেটমেন্ট নিতে চাইলে বলেন, কিন্তু এভাবে র‌্যানডমলি তো ক্যামেরা ধরে ভিডিও করতে পারেন না।’
নির্বাহী ম্যাজিস্ট্রেট আরও বলেন, ‘আমার তেমন দোষ না থাকার পরও ইউএনও স্যার (বোদা উপজেলা নির্বাহী কর্মকর্তা) আমার পক্ষ হয়ে তাঁদের কাছে “সরি” বলেছেন। ওসি সাহেবও সমাধানের চেষ্টা করেছেন। তারপরও তাঁদের মধ্যে কয়েকজন ওই ভিডিও ক্লিপটি ভাইরাল করার চেষ্টা করছেন।’
এ বিষয়ে পঞ্চগড় জেলা প্রশাসক মো. সাবেত আলী মুঠোফোনে প্রথম আলোকে বলেন, বিষয়টি জানার পর ওই নির্বাহী ম্যাজিস্ট্রেটকে সেখান থেকে চলে আসতে বলা হয়েছে।"
সাংবাদিকতাকে একটা মাত্রায় নিয়ে গেছে প্রথম আলো: মির্জা ফখরুল,"‘প্রথম আলো একটি ইনস্টিটিউশন, একটি প্রতিষ্ঠান। বাংলাদেশে সত্যিকার অর্থেই সাংবাদিকতাকে একটা মাত্রায় নিয়ে যাওয়া, এটাকে একটা আন্তর্জাতিক মানের সঙ্গে তুলনা করা যায়—এই মাত্রায় প্রথম আলোই নিয়ে গেছে।’
বুধবার বিকেলে ঠাকুরগাঁওয়ে প্রথম আলো আয়োজিত এক সুধী সমাবেশে যোগ দিয়ে বিএনপির মহাসচিব মির্জা ফখরুল ইসলাম আলমগীর এ কথা বলেন। পত্রিকাটির ২৭তম প্রতিষ্ঠাবার্ষিকী উপলক্ষে শহরের গোবিন্দনগর এলাকার ইএসডিও প্রধান কার্যালয় চত্বরের ‘মুক্তির মন্দির সোপান তলে’ ভাস্কর্যের বেদিতে এ সুধী সমাবেশের আয়োজন করা হয়।
সুধী সমাবেশে মির্জা ফখরুল বলেন, ‘প্রথম থেকে প্রথম আলোর একটা চেষ্টা ছিল যে এই দেশে একটি সত্যিকার অর্থেই প্রগতিশীল, অসাম্প্রদায়িক এবং বুদ্ধিচর্চায় বিশ্বাসী একটি তরুণ প্রজন্মের সৃষ্টি করা। চেষ্টা করেছে; তবে কতটা সফল হয়েছে, সেটা আমি বলতে পারব না। এখন আমরা যা দেখছি, তাতে মনে হয় প্রথম আলো খুব একটা সফল হতে পারেনি। আজকে দুর্ভাগ্যজনকভাবে যাঁরা সাম্প্রদায়িকতার চর্চা করেন, তাঁরা বেশ বাহবা পান, তালি পান, অনেক পাঠকও পেয়ে যান। বিশেষ করে সামাজিক মাধ্যমে একটা ভয়াবহ উন্মাদনা সৃষ্টি হয়েছে, যেটা এ দেশের জন্য, জনগণের জন্য কখনই শুভ বার্তা বয়ে আনে না।’
বিএনপির মহাসচিব আরও বলেন, ‘বাংলাদেশের ইতিহাসটাই হচ্ছে অভ্যুত্থানের ইতিহাস। বাংলাদেশের ইতিহাস হচ্ছে প্রতিরোধের ইতিহাস। বাংলাদেশের ইতিহাসই হচ্ছে অন্যায়কে মেনে না নেওয়ার ইতিহাস। এই বোধটা আমাদের সবার মধ্যে সৃষ্টি করতে প্রথম আলো আমাদের সাহায্য করেছে—এ ব্যাপারে কোনো সন্দেহ নেই।’ তিনি বলেন, ‘আজকে খুব খারাপ লাগে, দুঃখ লাগে; আমাদের এই দৃশ্য দেখতে হয়, স্বাধীনভাবে মতপ্রকাশের জন্য প্রথম আলোর কার্যালয় ঘেরাও করা হয়। পুড়িয়ে দেওয়ার হুমকি দেওয়া হয়। এই বিষয়গুলো বাংলাদেশে সাজে না, মানায় না। এটা বাংলাদেশের আত্মার প্রতিনিধিত্ব করে না।’
বিকেল চারটায় জাতীয় সংগীতের মাধ্যমে শুরু হওয়া সুধী সমাবেশ সঞ্চালনা করেন প্রথম আলোর ঠাকুরগাঁও প্রতিনিধি মজিবর রহমান খান। এতে রাজনীতিক, শিক্ষক, সরকারি-বেসরকারি প্রতিষ্ঠানের কর্মকর্তা, নাট্যজন, শিল্পী, সংস্কৃতি-ক্রীড়া সংগঠক, চিকিৎসক, কবি-সাহিত্যিক, নারীনেত্রীসহ বিভিন্ন শ্রেণি-পেশার মানুষ অংশ নেন। প্রথম আলো বন্ধুসভার সদস্যরা অনুষ্ঠানে সহযোগিতা করেন।
সমাবেশে আদিবাসী পরিষদের উপদেষ্টা ইমরান হোসেন চৌধুরী বলেন, ‘প্রথম আলো মেরুদণ্ড সোজা করে লেখে। দিন শেষে প্রথম আলোর ওপরই আমরা ভরসা রাখি। হাজারো মিথ্যার ভিড়ে সত্য সংবাদ প্রকাশ করে প্রথম আলো মাথা উঁচু করে দাঁড়িয়ে থাকুক—এটাই আমাদের চাওয়া।’
বাংলাদেশের কমিউনিস্ট পার্টির (সিপিবি) ঠাকুরগাঁও জেলার সাধারণ সম্পাদক আবু সায়েম বলেন, ‘খুদে পাঠক থেকে শুরু করে বয়োজ্যেষ্ঠরাও প্রথম আলোর পাঠক। প্রথম আলো না পড়লে ভালো লাগে না। তবে মফস্‌সলের পাতায় খবর কম থাকে। মফস্‌সলের রাজনৈতিক, সামাজিক, সাংস্কৃতিক কর্মকাণ্ডের আরও সংবাদ আমরা আশা করি।’
ঠাকুরগাঁও সরকারি কলেজের সাবেক শিক্ষক নাসরীন জাহান বলেন, ‘প্রথম আলোর অনন্য সৃষ্টি বন্ধুসভা। আমি সময় পেলেই বন্ধুসভার আয়োজনে উপস্থিত হই। তাঁদের সংস্পর্শে এলে মনে হয় না বয়স হয়েছে। সমাজ নিয়ে তাঁদের সৃজনশীল ভাবনা আমাকে অবাক করে।’
ঠাকুরগাঁও-১ আসনে জামায়াত মনোনীত প্রার্থী দেলাওয়ার হোসেন বলেন, ‘একটি দেশ বা জাতি ও রাজনৈতিক দলকে সঠিকভাবে পরিচালনার ক্ষেত্রে গণমাধ্যমের গঠনমূলক সমালোচনা সব সময় প্রয়োজন। সে ক্ষেত্রে প্রথম আলো সব সময় সেই ভূমিকা পালন করে এসেছে। সামনের দিনেও এই ভূমিকা পালন করে যাবে বলে বিশ্বাস করি।’
ঠাকুরগাঁওয়ের প্রবীণ শিক্ষাবিদ মনতোষ কুমার বলেন, দেশের যা কিছু অর্জন, তার অনেক কিছুর মধ্যে প্রথম আলো আছে। লেখায় পরিচ্ছন্নতা থাকায় পাঠক হিসেবে তাঁদের দৃষ্টি আকর্ষণ করে। শুদ্ধ বানানের পাশাপাশি শিরোনামে সৃজনশীলতা রয়েছে। বাসায় পত্রিকাটি থাকলে ছেলেমেয়েরা সঠিকভাবে বেড়ে উঠতে পারবে বলে তিনি মনে করেন।
মাধ্যমিক ও উচ্চশিক্ষা অধিদপ্তরের সাবেক উপপরিচালক মো. আখতারুজ্জামান বলেন, ‘প্রথম আলোর নিউজকে আমরা কোটেশন হিসেবে ব্যবহার করি। যখন কোনো তথ্য খুঁজি, তখন তথ্যসূত্রে প্রথম আলো আছে কি না দেখি। প্রথম আলো যেভাবে যাত্রা শুরু করেছিল, সেই ধারা যেন অব্যাহত থাকে।’
ইকো পাঠশালা অ্যান্ড কলেজের অধ্যক্ষ সেলিমা আখতার বলেন, ‘নির্ভীক সত্য তথ্য প্রদানে প্রথম আলোর বিকল্প নেই। আমরা বিশ্বাস করি প্রথম আলো যে তথ্য-উপাত্ত দেয়, তাতে আমরা শাণিত হই। আমাদের জ্ঞানচর্চা সমৃদ্ধ হয়। আমরা প্রথম আলোকে বিশ্বাস করি, ধারণ করি ও লালন করি।’
অনুষ্ঠানের ফাঁকে ফাঁকে প্রশ্নোত্তর পর্ব অনুষ্ঠিত হয়। এ সময় পাঠকেরা প্রথম আলোর কাছে তাঁদের প্রত্যাশাসহ বিভিন্ন পরামর্শ দেন। প্রশ্নোত্তর পর্বে অংশ নেন সাবেক জেলা ক্রীড়া কর্মকর্তা আবু মহিউদ্দিন, আইনজীবী জাহিদ ইকবাল, সাংস্কৃতিক ব্যক্তিত্ব মাসুদ আহমেদ, শিক্ষক নাজমুন নুর প্রমুখ। পাঠকদের প্রশ্নের উত্তর দেন প্রথম আলোর উপসম্পাদক লাজ্জাত এনাব মহছি।
লাজ্জাত এনাব মহছি বলেন, ‘প্রথম আলোর ভিত্তি হচ্ছে পাঠকের আস্থা। এই আস্থা একটু একটু করে অর্জন করতে হয়েছে। পাঠকদের ভালোবাসা আমরা সব সময় পেয়েছি। তা না হলে আমরা এই পথ অতিক্রম করতে পারতাম না। এ বছর আমরা দুটি আন্তর্জাতিক স্বীকৃতি পেয়েছি। এই অর্জন কিন্তু প্রথম আলোর পাঠকদের জন্যই সম্ভব হয়েছে।’
লাজ্জাত এনাব মহছি আরও বলেন, ‘প্রথম আলোর বিরুদ্ধে হামলা-মামলা হয়েছে। কিন্তু আমরা সেসব হামলা-মামলা উপেক্ষা করে সত্য লিখে গেছি। আমরা জানি, শক্তির উৎসই হচ্ছে পাঠক। পাঠকেরা আমাদের পাশে থেকে আমাদের সাহস দিয়েছেন।’"
সাংবাদিকদের মধ্যে এত ক্ষমতার ক্ষুধা আগে দেখা যায়নি,"সংবাদমাধ্যমের কাজ বিশ্লেষণাত্মক, যুক্তিশীল, অন্তর্ভুক্তিমূলক সহনশীল সমাজ গড়ে তুলতে সহায়তা করা। কিন্তু বাংলাদেশের সাংবাদিকতায় রাজনৈতিক লেজুড়বৃত্তি প্রতিষ্ঠা পেয়েছে। ক্ষমতাবানেরা যে ফাঁদ পেতেছেন, সাংবাদিকেরা তাতে ধরা দিচ্ছেন। সাংবাদিকতার বর্তমান পরিস্থিতি নিয়ে লিখেছেনখান মো. রবিউল আলম
কথাসাহিত্যিক হাসান আজিজুল হক ‘নিরপেক্ষ সাংবাদিকতা: মায়া-প্রপঞ্চ’ শিরোনামে একটি প্রবন্ধ লিখেছিলেন। যাঁরা সাংবাদিকতাকে নিরপেক্ষ বা বস্তুনিষ্ঠ পেশা হিসেবে দেখতে অভ্যস্ত, তাঁদের জন্য প্রবন্ধটি চোখ খুলে দেওয়ার মতো। সাংবাদিকদের ক্ষমতার সখ্য দেখে হাসান আজিজুল হকের প্রবন্ধের হীরকোজ্জ্বল শব্দরাশি চোখের সামনে ভেসে উঠছে। তিনি লিখেছেন—
‘সমাজে সর্বস্তরের মানুষ নির্লজ্জ আপস করবে, জীবিকার জন্য, চাকরির ভয়ে প্রতিমুহূর্ত হেঁটমস্তক করে, আর সাংবাদিকরাই নির্ভীক, সৎ এবং সত্যনিষ্ঠ থাকবে, এ রকম দাবি অন্যায় আবদার ছাড়া আর কিছুই নয়।...নির্ভীক সাংবাদিকতা বিচ্ছিন্নভাবে চর্চার বিষয় নয়। সমাজ সংগঠনের গাঁটে গাঁটে দুর্নীতি, স্বজনতোষণ, কর্মহীনতা, হিংস্র দারিদ্র্য এবং তামসিক শোষণের ব্যবস্থা থাকলে...সাংবাদিকও স্বধর্মচ্যুত হয়ে...কোনো রকমে দিন গুজরানোর চেষ্টা করেন।’ অমোঘ উচ্চারণ। অত্যন্ত রূঢ় বাস্তবতা।
কেবল জীবন-জীবিকার তাগিদে সাংবাদিকেরা স্বধর্মচ্যুত, এমনটি নয়। ক্ষমতার সঙ্গে সখ্যপ্রিয়তা সাংবাদিকদের স্বধর্মচ্যুত করে। সাংবাদিকেরা রাখঢাক না রেখে ক্ষমতা ও এস্টাবলিশমেন্টের সঙ্গে পারস্পরিক স্বার্থের সম্পর্ক গড়ে তুলতে তৎপর হয়ে উঠছেন, যা রুগ্‌ণ বাস্তবতা তৈরি করছে।
২৪ জুলাই প্রধানমন্ত্রী শেখ হাসিনার সঙ্গে দেশের শীর্ষস্থানীয় সাংবাদিকদের মতবিনিময় সভায় দেশের একজন প্রবীণ সাংবাদিক বলেন, ‘শেখ হাসিনার সঙ্গে আছেন, প্রয়োজনে যেকোনো কিছু করতে প্রস্তুত’ (সূত্র:প্রথম আলো, ২৪ জুলাই ২০২৪)। এ বক্তব্য সাংবাদিকদের সঙ্গে ক্ষমতার পারস্পরিক স্বার্থের সম্পর্ক আরও স্পষ্ট করে তুলেছে। এডিটরস গিল্ডের উদ্যোগে এ আয়োজনে বিভিন্ন গণমাধ্যমের সম্পাদক, জ্যেষ্ঠ সাংবাদিক ও হেড অব নিউজ উপস্থিত ছিলেন।
একইভাবে ২৭ জুলাই ২০২৪ মুক্তিযুদ্ধের চেতনার সাংবাদিক ফোরাম কোটা সংস্কার আন্দোলনকালে হত্যাকাণ্ড ও অগ্নিসংযোগের তীব্র নিন্দা জানিয়ে দেশের স্বাভাবিক অবস্থা ফিরিয়ে আনতে প্রধানমন্ত্রী শেখ হাসিনার গৃহীত পদক্ষেপের প্রতি পূর্ণ সমর্থন জানিয়েছেন (সূত্র:প্রথম আলো, ২৮ জুলাই ২০২৪)।
ক্ষমতাপ্রীতি সাংবাদিকতায় একটি রোগ হয়ে দাঁড়িয়েছে। সাংবাদিকেরা যদি ‘প্রয়োজনে যেকোনো কিছু করতে প্রস্তুত’ থাকেন অথবা ‘গৃহীত পদক্ষেপের প্রতি পূর্ণ সমর্থন’ দেন, তবে ক্ষমতা ও সাংবাদিকতার মধ্যে বিভেদরেখা টানা কঠিন হয়। সাংবাদিকতা হলো নির্মোহ বিশ্লেষণ, বস্তুনিষ্ঠ ও নিরপেক্ষ উপস্থাপনা।
সাংবাদিকতা পেশার অভিমুখীনতা হলো কোনো বিষয় অনুপুঙ্খভাবে দেখা; সত্য যাচাই (ফ্যাক্টচেক), সত্যকে কল্পকাহিনি (ফিকশন) থেকে আলাদা ও নির্মোহভাবে তা উপস্থাপন করা।
সংবাদমাধ্যমের কাজ বিশ্লেষণাত্মক, যুক্তিশীল, অন্তর্ভুক্তিমূলক সহনশীল সমাজ গড়ে তুলতে সহায়তা করা। কারণ, গণতন্ত্রের জন্য প্রয়োজন তথ্যসমৃদ্ধ জনসমাজ। একটি বিশ্লেষণাত্মক সমাজ গড়া না গেলে গণতন্ত্র প্রতিষ্ঠা পাবে কোথা থেকে? ক্ষমতা ও শাসন চোখে চোখে রাখা সাংবাদিকতার প্রধান কাজ। কারণ, ক্ষমতা ও কর্তৃত্বের ব্যবহার ও অপব্যবহার এক জনস্বার্থমূলক বিষয়।
অনেকের কাছে সাংবাদিকতা এখন একটি উপলক্ষমাত্র। বিত্তবৈভব, ক্ষমতা অবস্থান ধরে রাখার বিশেষ কৌশল। সমকালীন সাংবাদিকতার ক্ষয়-ক্ষরণ কারও অদেখা বা অজানা নয়? অরুন্ধতী রায় যেমনটি বলেন, ‘একবার কেউ কিছু দেখে ফেললে, তাকে অদেখা বানানো যায় না।’ ঠিক একইভাবে একবার কেউ কিছু শুনে ফেললে, তাকেও না-শোনা করা যায় না।
সাংবাদিকেরা ক্ষমতার কেন্দ্রে গিয়ে কী করেন, মানুষ তা দেখছে। বাংলাদেশের সাংবাদিকতা এক প্রশ্নহীন সময় পার করছে। এ প্রশ্ন হলো ক্রিটিক্যাল প্রশ্ন, মানের প্রশ্ন। সাংবাদিকতায় গুরুত্বপূর্ণ বিষয়, প্রশ্ন করার সক্ষমতা ও সাহস। ক্ষমতার সঙ্গে সখ্যপ্রিয়তার কারণে মান প্রশ্ন আসছে না, বরং আসছে স্তুতি ও স্তুতির কোরাস।
সাংবাদিকতার জন্য প্রিসিশন সেন্স বা সূক্ষ্মবোধ থাকতে হয়। অল্পকথায় নির্ভুলভাবে মূল প্রশ্নটি বা ইস্যু উপস্থাপন করতে হয়। সাংবাদিকেরা প্রশ্ন করতে সময় বেশি ব্যয় করেন, অনেক ক্ষেত্রে প্রশ্ন গুলিয়ে ফেলেন, আগাম প্রস্তুতি থাকে না। ক্ষমতার কাছাকাছি গেলেই একশ্রেণির সাংবাদিকের মধ্যে বিগলিত ভাব চলে আসে। সাফাই গান। অথবা এমন প্রশ্ন করেন, যার ভেতর প্রত্যাশিত উত্তর থাকে। সাংবাদিকতার ধারণা যথেষ্ট পোক্ত না হলে ক্ষমতার তাপ সাংবাদিকদের নির্বিষ করবেই। অনেকে নির্বিষ হয়ে পড়ছেন।
প্রধানমন্ত্রীর প্রেস কনফারেন্স বা মতবিনিময় সভা বাংলাদেশের সাংবাদিকতার মান, নৈতিকতা ও ক্ষমতার পারস্পরিক সম্পর্ক বোঝার জন্য এক জুতসই উদাহরণ হয়ে উঠছে। এসব সভায় সেসব সাংবাদিক আমন্ত্রিত হন, তাঁরা সরকারের গুডবুকের সাংবাদিক বলে ধরে নেওয়া হয়। তাঁরা জটিল প্রশ্ন করেন না। তারপরও কিছু প্রশ্নে তির্যক মন্তব্য আসে, হাসাহাসি হয় ও তালি পড়ে।
সাংবাদিকদের মধ্যে এত ক্ষমতার ক্ষুধা আগে দেখা যায়নি। সাংবাদিকেরা যত ক্ষমতার কাছাকাছি যাচ্ছেন, তত চোরাবালিতে ঢুকে পড়ছেন, পথ হারাচ্ছেন। এটি হলো আচারসর্বস্ব সাংবাদিকতা বা আনুষ্ঠানিক সাংবাদিকতা। অন্যভাবে দেখলে, একে দৃষ্টি-আকর্ষণী সাংবাদিকতাও বলা যায়। প্রশ্নের চেয়ে দৃষ্টি আকর্ষণের প্রচেষ্টাই এখানে প্রবল।
ক্ষমতার সঙ্গে অভিযোজনের এ প্রবণতা পেশাগত উৎকর্ষের জন্য নয়; বরং ব্যক্তি, প্রতিষ্ঠান বা গোষ্ঠীর স্বার্থে। কেবল রাষ্ট্রায়ত্ত গণমাধ্যম নয়, শাসকগোষ্ঠী খুব দক্ষতার সঙ্গে এক অনুগত বেসরকারি সংবাদমাধ্যম খাত গড়ে তুলেছে।
সাংবাদিকতার নীতি ও মান ধরে রাখাই আজ চ্যালেঞ্জ। মনজুরুল আহসান বুলবুল মন্তব্য করেছিলেন, দেশের সাংবাদিকতা হলো পুকুরে কুমির ছেড়ে সাঁতার কাটতে বলা। এমনকি নিবর্তনমূলক আইন, হুমকি, মামলা, হামলা দিয়ে তা সব সময় হয়, এমন নয়।
অনেক সময় সরকার বা রাষ্ট্র সংবাদপ্রবাহ নিয়ন্ত্রণের ছাঁকনি সেট করে। ছাঁকনি মানে কতগুলো চাবিশব্দ, যা রাজনীতি, রাষ্ট্র ও জাতীয় আবেগের সঙ্গে যুক্ত। এসব ক্যাটাগরি শাসকগোষ্ঠীর রক্ষাকবচ হিসেবে কাজ করে। সংবাদ-ছাঁকনি সংবাদমাধ্যমের জন্য ভয়ের শাসন জারি করে, স্বাধীনতা সংকুচিত করে, সেলফ সেন্সরশিপের প্রবণতা বাড়িয়ে দেয়।
আমেরিকান তাত্ত্বিক এডওয়ার্ড এস হারম্যান ও নোয়াম চমস্কিও সংবাদ-ছাঁকনি নিয়ে গবেষণা করেছেন। তাঁদেরম্যানুফ্যাকচারিং কনসেন্ট: দ্য পলিটিক্যাল ইকোনমি অব ম্যাস মিডিয়াগ্রন্থে তা বিশেষভাবে উঠে এসেছে। জনগণের মতামত কীভাবে ভেঙেচুরে নিজেদের অনুকূলে আনতে হয়, সম্মতি উৎপাদন করতে হয়, সেই দীক্ষায়নের কৌশল এ গ্রন্থে উপস্থাপন করা হয়েছে।
এ দেশেও রাষ্ট্রীয় পৃষ্ঠপোষকতায় আনুষ্ঠানিক-অনানুষ্ঠানিকভাবে সংবাদ-ছাঁকনি সেট করা হয়েছে। যেমন কোনো উন্নয়ন কর্মকাণ্ডকে ক্রিটিক্যালি বা ভিন্নভাবে দেখলে তকমা লাগানো হচ্ছে উন্নয়নবিরোধী হিসেবে। একজন দিনমজুরের উক্তিকে দেখা হচ্ছে স্বাধীনতাবিরোধী চেতনা হিসেবে। সরকারের সমালোচনাকে দেখা হচ্ছে রাষ্ট্রদ্রোহ হিসেবে।
এ ছাঁকনি ফসকে কোনো খবর বের হলে চোখরাঙানি শুরু হয়। সরকার হস্তক্ষেপ করে। রাষ্ট্রযন্ত্র দৌড়ে আসে। অনুগত সাংবাদিক ও রাজনৈতিক পক্ষকে সম্পৃক্ত করে।একটি ঘটনায় ভালোভাবে শাসানো গেলে তা বেশ কাজে লাগে। ছাঁকনীকরণ জনস্বার্থ-সংশ্লিষ্ট অনেক গুরুত্বপূর্ণ প্রশ্ন এড়িয়ে যেতে সহায়তা করছে। যাঁরা ক্ষমতার সঙ্গে থেকে সাংবাদিকতা করছেন, তাঁদের জন্য এটা সমস্যা নয়। তাঁদের জন্য সমস্যা, যাঁরা প্রশ্ন করতে চান, অনুসন্ধান করতে চান।
বাংলাদেশে দৈনিক কর্মসূচিভিত্তিক বা সচিবালয়কেন্দ্রিক সাংবাদিকতার রমরমা হাল এবং অনুসন্ধানী সাংবাদিকতার পতনমুখিতার পেছনে এই ছাঁকনীকরণ প্রক্রিয়ার প্রভাব রয়েছে। একটি দেশের সাংবাদিকতা কতটুকু উৎকর্ষ অর্জন করল, তার অন্যতম প্রধান মাপকাঠি হলো অনুসন্ধানী সাংবাদিকতার চালচিত্র। ছাঁকনীকরণ প্রক্রিয়া জারি থাকলে কেউ ঝুঁকি নিতে চান না, ঝামেলায় জড়াতে চান না।
বাংলাদেশের সাংবাদিকতায় রাজনৈতিক লেজুড়বৃত্তি প্রতিষ্ঠা পেয়েছে। ক্ষমতাবানেরা যে ফাঁদ পেতেছেন, সাংবাদিকেরা তাতে ধরা দিচ্ছেন। সাংবাদিকতা এক নতুন ছদ্মাবরণ ধারণ করল। পদ-পদবি, সমিতি সবকিছু সাংবাদিকতার আদলে, কিন্তু এর মাধ্যমে রাজনৈতিক, ব্যবসায়িক বা গোষ্ঠীর স্বার্থ রক্ষা করা হচ্ছে।
এ নকল আবহ আপাতদৃষ্টে বৈধ বলে মনে হয়। কারণ, এর সঙ্গে যুক্ত আছেন সাংবাদিক, সম্পাদক ও অধ্যাপক! এসব পরিচয় কম গুরুত্বপূর্ণ নয়, মুখগুলোও অচেনা নয়। এরা মূলত শাসকশ্রেণির বয়ানের ব্যাপারী। নিজেদের বিশেষ অনুসন্ধান নেই, নেই বিশ্লেষণ। এ কারণে ক্ষমতাঘনিষ্ঠ সাংবাদিকতা হয়ে উঠছে ক্ষমতা ও কর্তৃত্ব বৈধকরণের এক বিশেষ উপায়।
মূলধারার সংবাদমাধ্যম, যারা মান সাংবাদিকতার চেষ্টা করছে, এই চক্র তাদের বিরুদ্ধে কারণে-অকারণে উঠেপড়ে লাগছে। সাংবাদিকদের মধ্যে গোষ্ঠীপ্রিয়তার নতুন বিন্যাস দেখা যাচ্ছে। এ চক্র বিভ্রান্তিকর ও পক্ষপাতদুষ্ট অপ্রয়োজনীয় দীর্ঘ ভাষ্য, কণ্ঠের জোর, আবেগপ্রবণ কাঠামো, গ্ল্যামার ও হম্বিতম্বি প্রকাশ করছে ক্ষমতার কাছাকাছি থেকে।
এমবেডেড (অবরুদ্ধ) সাংবাদিকতা কেবল যুদ্ধক্ষেত্রে হয় না, জনতুষ্টিবাদী শাসনের ছায়ার নিচেও এমন সাংবাদিকতা হয়। মিডিয়াভিত্তিক বেসরকারি সংস্থা ম্যাসলাইন মিডিয়া সেন্টার কর্তৃক ২০০৪ সালে আয়োজিত মুক্ত গণমাধ্যম ‍দিবসের আলোচনায় একজন প্রবীণ আলোচক জানতে চেয়েছিলেন এমবেডেড সাংবাদিকতার বাংলা কী করা যাবে।
দর্শকের গ্যালারি থেকে একজন হাত উঁচিয়ে বলেছিলেন, ‘শয্যাশায়ী সাংবাদিকতা’। হলরুমজুড়ে হাসির রোল পড়েছিল। হালে এমবেডেড সাংবাদিকতার অনেক ধরন দেখা যাচ্ছে। এর মধ্যে রয়েছে উচ্চপদস্থদের সঙ্গে বিদেশ ও হজযাত্রা এবং প্রেস কনফারেন্সে জমকালো উপস্থিতি।
একটি রাষ্ট্র, যেখানে গণতন্ত্র ও গণতান্ত্রিক মূল্যবোধ বিকশিত হয়নি, ন্যায্যতা, স্বচ্ছতা ও জবাবদিহির চর্চা সীমিত, সেখানে সংবাদমাধ্যমের স্বাধীনতা সংকুচিত হবে। এটি অস্বাভাবিক নয়। তবে সংবাদমাধ্যমের স্বাধীনতা কোনো অলীক ধারণা নয়।
সংবাদমাধ্যমের স্বাধীনতা কারও দয়ার ওপর নির্ভর করে না। সাংবাদিকতা মানুষকেন্দ্রিক একটি পেশা। যত দিন মানুষ আছে, তত দিন এ পেশার অগ্রযাত্রা অব্যাহত থাকবে। সাংবাদিকতার সঙ্গে সংশ্লিষ্ট সবার দায়িত্ব হলো পেশাটি পরিচ্ছন্ন রাখা, পরিশীলিত রাখা। স্বকীয় ধারায় এগিয়ে নেওয়া। ক্ষমতাকাঠামোর সঙ্গে লেজুড়বৃত্তি বন্ধ করা।
সাংবাদিক ও নোবেলজয়ী লেখক গ্যাব্রিয়েল গার্সিয়া মার্কেস লিখেছেন, ‘জার্নালিজম ইজ দ্য বেস্ট প্রফেশন ইন দ্য ওয়ার্ল্ড।’ এ শ্রেষ্ঠত্ব ধরে রাখতে পেশাদারি উৎকর্ষ নিশ্চিত করতেই হবে।
খান মো. রবিউল আলমযোগাযোগবিশেষজ্ঞ ও শিক্ষক"
আকাশের অনেক তারার মতো সাংবাদিক নিবর্তনেরও অনেক ধারা: অ্যাটর্নি জেনারেল,"দেশের আইনগুলো যে সাংবাদিকবান্ধব নয়, তা ফুটে উঠল রাষ্ট্রের প্রধান আইন কর্মকর্তা মো. আসাদুজ্জামানের এক কথায়।
আসাদুজ্জামান বলেছেন, ‘সাংবাদিক নিবর্তনের জন্য রাষ্ট্র অনেক রকম পথ খোলা রেখেছে। যেটা বলা হয় আকাশের যত তারা, আইনের তত ধারা। সাংবাদিকদেরকে নিবর্তনের জন্য, নিয়ন্ত্রণের জন্য আকাশের সব রকম তারার মতো আইনের ধারা প্রয়োগ করা হয়।’
অ্যাটর্নি জেনারেল আসাদুজ্জামান আজ সোমবার রাজধানীর একটি হোটেলে সেন্টার ফর গভর্ন্যান্স স্টাডিজ (সিজিএস) আয়োজিত তিন দিনব্যাপী ‘বে অব বেঙ্গল কনভারসেশন ২০২৫’ সম্মেলনের তৃতীয় দিনের এক পর্বে এ কথা বলেন। তিনি ‘ডিজিটাল নিরাপত্তা আইন সম্পর্কিত প্রতিবেদন প্রকাশ: ভবিষ্যৎ বাংলাদেশের গণমাধ্যমের স্বাধীনতার জন্য গুরুত্বপূর্ণ শিক্ষা’ পর্বে বক্তব্য দেন।
ব্রিটিশ আমল থেকে স্বাধীনতা পরবর্তী সময়ের বিভিন্ন নিবর্তনমূলক আইনের ধারা ও তার প্রয়োগের কথা উল্লেখ করে অ্যাটর্নি জেনারেল বলেন, যে-ই সরকারি ক্ষমতায় আসুক না কেন, তারা সাংবাদিক নিবর্তনের মানসিকতা মনে পোষণ করে।
আসাদুজ্জামান বলেন, আইসিটি আইনের ৫৭ ধারা বাতিল করে সবার সঙ্গে আলোচনা করে যে ডিজিটাল নিরাপত্তা আইন আওয়ামী লীগ সরকার করেছিল, সেটা ছিল সবার সঙ্গে প্রতারণা।
বিগত সরকারের সময়ে এসব আইনের অপপ্রয়োগের বিভিন্ন উদাহরণ তুলে ধরে এই আইনজীবী বলেন, ‘এই সমস্ত নিবর্তন এবং নির্যাতনমূলক আইন, যে আইন কণ্ঠরোধ করে, যে আইন সাংবাদিকের কলম থামিয়ে দেয়, আমরা এই আইনের অবসান চাই। এটা যাতে ঘুরেফিরে না আসে, সেই বিষয়ে রাজনৈতিক যাঁরা নেতৃত্ব থাকবেন, আগামী দিনে তাঁদের কাছে আমাদের প্রত্যাশা থাকবে এই বিষয়গুলো রিথিংক করার।’
শুধু ডিজিটাল নিরাপত্তা আইন বাতিল করে সাংবাদিকদের সুরক্ষা নিশ্চিত হবে না বলে মনে করেন আসাদুজ্জামান। তিনি বলেন, এই ট্রেন্ডটাকে পরিবর্তন করতে হলে রাষ্ট্রের মানসিকতা পরিবর্তন করতে হবে।
বিগত সময়ে দিনাজপুরের এক কিশোরীর মামলায় সুপ্রিম কোর্টের প্রধান বিচারপতির আদালতের উদাহরণ টেনে অ্যাটর্নি জেনারেল বলেন, শুধু আইন করে বা আইন সংশোধন করে এই অবস্থার পরিত্রাণ পাওয়া যাবে না।
বাংলাদেশে ভয়হীন সংস্কৃতির প্রত্যাশা রেখে আসাদুজ্জামান বলেন, বর্তমান সরকার আসার পর গুমের ঘটনা ঘটেনি এবং বিচারবহির্ভূত হত্যাকাণ্ডের ঘটনাও অনেক কমেছে। গত ১৭ মাসে পুলিশ নিজে বাদী হয়ে একটিও ‘গায়েবি’ মামলা করেনি।
আসাদুজ্জামান আশা প্রকাশ করেন, পরবর্তী নির্বাচিত সরকার সব ধরনের নিবর্তনমূলক আইনের পথ থেকে ফিরে আসবে। তারা ডিজিটাল নিরাপত্তা আইনের মতো নীতিতে ফিরে যাবে না।
সিজিএসের গবেষণা সহযোগী রোমান উদ্দিনের সঞ্চালনায় সংলাপের এই পর্বে আরও বক্তব্য দেন সুপ্রিম কোর্টের আইনজীবী সারা হোসেন, ঢাকা বিশ্ববিদ্যালয়ের পিস অ্যান্ড কনফ্লিক্ট স্টাডিজ বিভাগের অধ্যাপক সাজ্জাদ সিদ্দিকী এবং ট্রায়াল ওয়াচের জ্যেষ্ঠ প্রোগ্রাম ম্যানেজার মানেকা খান্না।"
সাংবাদিক মিজানুরকে জিজ্ঞাসাবাদের সঙ্গে আমার কোনো সংশ্লিষ্টতা নেই: ফয়েজ আহমদ তৈয়্যব,"ভোরের কাগজের অনলাইন এডিটর মিজানুর রহমান সোহেলকে গোয়েন্দা পুলিশের (ডিবি) জিজ্ঞাসাবাদে নিজের সংশ্লিষ্টতার অভিযোগ প্রত্যাখ্যান করেছেন প্রধান উপদেষ্টার ডাক টেলিযোগাযোগ ও তথ্যপ্রযুক্তি মন্ত্রণালয়ের দায়িত্বপ্রাপ্ত বিশেষ সহকারী ফয়েজ আহমদ তৈয়্যব। তিনি বলেন, তাঁর বিরুদ্ধে ‘অসত্য’ তথ্য প্রচার করা হচ্ছে, যা জনমনে বিভ্রান্তি তৈরি করেছে।
মিজানুর রহমানকে মঙ্গলবার মধ্যরাতে তাঁর ঢাকার বাসা থেকে তুলে নিয়ে ডিবি কার্যালয়ে জিজ্ঞাসাবাদ শেষে আজ সকালে ছেড়ে দেওয়ার পর ডাক, টেলিযোগাযোগ ও তথ্যপ্রযুক্তি মন্ত্রণালয়ের জনসংযোগ কর্মকর্তা মুহম্মদ জসীম উদ্দিনের মাধ্যমে ফয়েজ আহমদ তৈয়্যবের বক্তব্য আসে।
ফয়েজ আহমদ তৈয়বকে উদ্ধৃত করে মন্ত্রণালয়ের সংবাদ বিজ্ঞপ্তিতে বলা হয়, ‘উদ্দেশ্যপ্রণোদিতভাবেই একটি ফেসবুক পোস্টকে কেন্দ্র করে কোনো কোনো গণমাধ্যম আমার ওপর দায় চাপিয়েছে। তাদের উদ্দেশেই আমার বক্তব্য—এটা অনভিপ্রেত। আইনশৃঙ্খলা রক্ষাকারী বাহিনী তাদের কাজ করে। এখানে আমার কোনো সংশ্লিষ্টতা থাকার অবকাশই নেই।’
মিজানুর রহমানকে তুলে নেওয়ার পর সামাজিক যোগাযোগমাধ্যমে তা নিয়ে আলোচনা ওঠে। তাতে এর সঙ্গে ফয়েজ আহমদ তৈয়্যবের সংশ্লিষ্টতার অভিযোগও তোলা হয়। এ নিয়ে প্রতিবেদন প্রকাশিত হয় বিভিন্ন সংবাদমাধ্যমেও।
১০ ঘণ্টা পর ছাড়া পেয়ে বাসায় ফিরে মিজানুর প্রথম আলোকে বলেন, ন্যাশনাল ইকুইপমেন্ট আইডেন্টিফিকেশন রেজিস্ট্রার (এনইআইআর) কার্যকরের প্রেক্ষাপটে আগামী ১৬ ডিসেম্বর মোবাইল হ্যান্ডসেট ব্যবসায়ীদের উদ্বেগ ও করণীয় বিষয়ে মোবাইল বিজনেস কমিউনিটি বাংলাদেশ একটি সংবাদ সম্মেলনের আয়োজন করেছে। তিনি এর সঙ্গে যুক্ত। ডিবির কার্যালয়ে তাঁকে নিয়ে গিয়ে কর্মকর্তারা এই সংবাদ সম্মেলনের বিষয়ে কথা বলেন। ডিবির কর্মকর্তাদের কথায় তাঁর মনে হয়েছে, ওপরের মহলের নির্দেশনায় তাঁরা চান, এই সংবাদ সম্মেলন না হোক। এ জন্য তাঁকে একধরনের মনস্তাত্ত্বিক চাপ দেওয়া হয়েছে।
মিজানুর দেশের অনলাইন সংবাদমাধ্যম, পত্রিকা ও টেলিভিশনের অনলাইন ও ডিজিটাল বিভাগের প্রধানদের সংগঠন ‘অনলাইন এডিটরস অ্যালায়েন্স’-এর সাধারণ সম্পাদক।
মিজানুর রহমানের সঙ্গে ব্যক্তিগত বা পেশাগত কোনো সংশ্লিষ্টতা নেই জানিয়ে ফয়েজ আহমদ তৈয়্যব বলেন, ‘রাষ্ট্রীয় শৃঙ্খলা ও নিরাপত্তার স্বার্থেই আমরা এনইআইআর বাস্তবায়ন করছি। অবৈধ হ্যান্ডসেটের লাগাম টানতে সংক্ষুব্ধ পক্ষের সঙ্গে বিটিআরসি বৈঠকও করেছে।’
অনিবন্ধিত মুঠোফোন হ্যান্ডসেটের ব্যবহার রোধ ও টেলিযোগাযোগ খাতে নিরাপত্তা নিশ্চিত করতে আগামী ১৬ ডিসেম্বর থেকে চালু হতে যাচ্ছে এনইআইআর ব্যবস্থা। এটি চালু হলে দেশের মোবাইল নেটওয়ার্কে নিবন্ধনবিহীন, চুরি হওয়া বা আমদানি অননুমোদিত ফোনের ব্যবহার সম্পূর্ণ বন্ধ হবে বলে আশা করছে সরকার।
মিজানুরকে জিজ্ঞাসাবাদ নিয়ে এনইআইআর বাস্তবায়নের সঙ্গে ফয়েজ আহমদ তৈয়্যবকে জড়িয়ে বিভিন্ন সংবাদমাধ্যমে ‘মনের মাধুরী মিশিয়ে সত্যের অপলাপ’ করা হয়েছে বলে দাবি করেছে ডাক, টেলিযোগাযোগ ও তথ্যপ্রযুক্তি মন্ত্রণালয়।
বিজ্ঞপ্তিতে বলা হয়, ‘এমন ‘প্রোপাগান্ডা’ মুক্তমত প্রকাশের স্বাধীনতাকেই ভুলুণ্ঠিত করছে। আমরা মনে করি, এ ধরনের অসত্য তথ্য প্রচার জনমনে বিভ্রান্তি সৃষ্টি করে। তাই আশা করি, এরপর আর কেউ এ ধরনের লেখায় বিভ্রান্ত হবেন না।’"
নেত্রকোনায় দিনদুপুরে সাংবাদিককে কোপাল দুর্বৃত্তরা,"নেত্রকোনার দুর্গাপুর উপজেলায় এক সাংবাদিককে কুপিয়ে জখম করেছে দুর্বৃত্তরা। এ সময় ওই সাংবাদিকের সঙ্গে থাকা তাঁর এক সহকর্মী বাধা দিতে গেলে তাঁকেও অস্ত্র দেখিয়ে ধাওয়া করা হয়। গতকাল সোমবার দুপুরে উপজেলার সোমেশ্বরী নদীর তেরিবাজার ঘাট এলাকায় এ ঘটনা ঘটে।
আহত লুৎফুজ্জামান আলিফ ফকির বেসরকারি টেলিভিশন চ্যানেল রূপসী বাংলার নেত্রকোনা প্রতিনিধি হিসেবে কর্মরত। তাঁকে ঢাকা মেডিকেল কলেজ হাসপাতালে ভর্তি করা হয়েছে।
প্রত্যক্ষদর্শী ও পুলিশ সূত্রে জানা গেছে, গতকাল বেলা একটার দিকে লুৎফুজ্জামান ও তাঁর সহকর্মী শাহজাহান শেখ দুর্গাপুরের সোমেশ্বরী নদী পার হতে একটি ভাড়া মোটরসাইকেলে করে নদীর তেরিবাজার ঘাটে নামেন। এ সময় দুটি মোটরসাইকেলে করে চারজন ব্যক্তি সেখানে আসেন। তাঁদের মধ্যে দুজন চাপাতি হাতে নিয়ে লুৎফুজ্জামানকে এলোপাতাড়ি কোপাতে থাকেন। এতে তাঁর দুই হাত, পিঠ ও শরীরে বিভিন্ন স্থানে জখম হয়। সঙ্গে থাকা শাহজাহান শেখ বাধা দিতে গেলে তাঁকেও কোপানোর চেষ্টা করে দুর্বৃত্তরা। পরে আশপাশের লোকজন ছুটে এলে দুর্বৃত্তরা দৌড়ে পালিয়ে যায়। স্থানীয় লোকজন লুৎফুজ্জামানকে উদ্ধার করে দুর্গাপুর স্বাস্থ্য কমপ্লেক্সে নিয়ে যান। পরে তাঁকে ময়মনসিংহ মেডিকেল কলেজ হাসপাতালে নেওয়া হয়।
দুর্গাপুর স্বাস্থ্য কমপ্লেক্সের জরুরি বিভাগের চিকিৎসক সালভিয়া শেহরিন বলেন, ওই সাংবাদিককে উন্নত চিকিৎসার জন্য ময়মনসিংহ মেডিকেল কলেজ হাসপাতালে পাঠানো হয়। দুর্বৃত্তদের কোপে তাঁর শরীরে বিভিন্ন স্থানে জখম হয়ে প্রচুর রক্তক্ষরণ হয়েছে।
শাহজাহান শেখ মুঠোফোনে প্রথম আলোকে বলেন, ‘মোটরসাইকেল থেকে নামার পর কিছু বুঝে ওঠার আগেই চার দুর্বৃত্ত আমাদের ঘিরে ফেলে। দুজন চাপাতি হাতে নিয়ে লুৎফুজ্জামানকে এলোপাতাড়ি কোপাতে থাকে। তাঁর বাঁ হাতের আঙুল, ডান হাতের রগ কেটে যায় এবং শরীরের বিভিন্ন স্থানে গুরুতর জখম হয়। তাঁকে ময়মনসিংহ মেডিকেল থেকে ঢাকা মেডিকেলে আনা হয়েছে। তাঁর ধারণা, সংবাদ প্রকাশের জেরে দুর্বৃত্তরা এই হামলা চালিয়েছে।’
দুর্গাপুর থানার ভারপ্রাপ্ত কর্মকর্তা (ওসি) মাহমুদুল হাসান আজ মঙ্গলবার সকালে প্রথম আলোকে বলেন, ঘটনাটি শোনার পরই হাসপাতালে পুলিশ পাঠানো হয়েছিল। এ ঘটনায় থানায় এখনো কেউ লিখিত অভিযোগ করেনি। তবে বিষয়টি তদন্ত করা হচ্ছে।"
সাংবাদিকদের কাজের স্বাধীনতা নিশ্চিত করার আহ্বান জাতিসংঘ মহাসচিবের,"সাংবাদিকদের কাজের স্বাধীনতা নিশ্চিত করতে বিশ্বের সব দেশের সরকারের প্রতি আহ্বান জানিয়েছেন জাতিসংঘ মহাসচিব আন্তোনিও গুতেরেস। সাংবাদিকদের বিরুদ্ধে অপরাধের বিচারহীনতা বন্ধের আন্তর্জাতিক দিবস উপলক্ষে তিনি এ আহ্বান জানান। বিশ্বব্যাপী ২ নভেম্বর দিবসটি পালিত হয়।
জাতিসংঘের ওয়েবসাইটে প্রকাশিত মহাসচিবের বিবৃতিতে বলা হয়, সত্যের সন্ধানে বিশ্বের বিভিন্ন প্রান্তে কর্মরত গণমাধ্যমকর্মীরা ক্রমবর্ধমান বিপদের মুখে পড়ছেন। এর মধ্যে রয়েছে মৌখিক নিপীড়ন, আইনি হুমকি, শারীরিক আক্রমণ, কারাবাস ও নির্যাতন। এমনকি অনেককে জীবনও দিতে হচ্ছে।
আন্তোনিও গুতেরেস বলেন, ‘সাংবাদিকদের বিরুদ্ধে অপরাধের বিচারহীনতা বন্ধের এই আন্তর্জাতিক দিবসে আমরা ন্যায়বিচারের দাবি জানাচ্ছি। বিশ্বজুড়ে সাংবাদিক হত্যার প্রায় ১০ ঘটনার মধ্যে ৯টির বিচারই এখনো অমীমাংসিত রয়ে গেছে।’
জাতিসংঘ মহাসচিব আরও বলেন, ‘বর্তমানে যেকোনো সংঘাতের মধ্যে (ফিলিস্তিনের) গাজা সাংবাদিকদের জন্য সবচেয়ে ভয়াবহ জায়গায় পরিণত হয়েছে। আমি আবারও এ ঘটনাগুলোর স্বাধীন ও নিরপেক্ষ তদন্তের আহ্বান জানাচ্ছি।’
আন্তোনিও গুতেরেস বলেন, ‘যেকোনো জায়গায় বিচারহীনতা শুধু ভুক্তভোগী ও তাঁদের পরিবারের প্রতিই অন্যায় নয়; বরং এটি সংবাদপত্রের স্বাধীনতার ওপর আক্রমণ, আরও সহিংসতাকে প্রশ্রয় দেওয়ার শামিল এবং গণতন্ত্রের প্রতি হুমকি।’ তিনি বলেন, সব সরকারের উচিত প্রতিটি ঘটনার তদন্ত করা, প্রত্যেক অপরাধীর বিচার করা এবং সাংবাদিকেরা যাতে সর্বত্র স্বাধীনভাবে তাঁদের কাজ করতে পারেন, তা নিশ্চিত করা।’
জাতিসংঘ মহাসচিব আরও বলেন, ‘নারী সাংবাদিকদের লক্ষ্য করে অনলাইনে উদ্বেগজনকভাবে বাড়তে থাকা হয়রানিমূলক আচরণ অবশ্যই আমাদের মোকাবিলা করতে হবে। এ ধরনের অপরাধের বেশির ভাগ ক্ষেত্রেই সাজা হয় না এবং এটি প্রায়ই বাস্তব জীবনে ক্ষতির কারণ হয়ে দাঁড়ায়। যাঁরা সাংবাদিকতার সঙ্গে জড়িত, তাঁদের জন্য ডিজিটাল দুনিয়াকে নিরাপদ রাখতে হবে।’
আন্তোনিও গুতেরেস বলেন, ‘যখন সাংবাদিকদের কণ্ঠ রুদ্ধ হয়, তখন আমরা সবাই আমাদের কণ্ঠস্বর হারাই। আসুন, সংবাদপত্রের স্বাধীনতা রক্ষায়, জবাবদিহি নিশ্চিত করার দাবিতে এবং যাঁরা ক্ষমতার বিপরীতে সত্য তুলে ধরেন, তাঁরা যেন ভয় ছাড়াই তা করতে পারেন, তা নিশ্চিত করতে আমরা সম্মিলিত অবস্থান নিই।’"
ভীতির পরিবেশেও বস্তুনিষ্ঠ সাংবাদিকতা করেছে প্রথম আলো,"নানা চড়াই-উতরাই ও ভীতির পরিবেশেও প্রথম আলো সাহসিকতা ও বস্তুনিষ্ঠ সাংবাদিকতার ধারা বজায় রেখেছে। বিভিন্ন সময়ে রাজনৈতিক পটপরিবর্তনের সময় যে ভীতি ও চ্যালেঞ্জ তৈরি হয়েছিল, তা মোকাবিলা করে পত্রিকাটি মানুষের আস্থার জায়গা ধরে রেখেছে।
প্রথম আলোর ২৭তম প্রতিষ্ঠাবার্ষিকী উপলক্ষে আজ শনিবার বিকেলে রাজশাহীতে আয়োজিত সুধী সমাবেশে বক্তারা এ কথা বলেন। নগরের অলকার মোড়ে রাজশাহী চেম্বার অব কমার্স অ্যান্ড ইন্ডাস্ট্রির মিলনায়তনে আয়োজিত এই সুধী সমাবেশে উপস্থিত ছিলেন প্রথম আলো সম্পাদক মতিউর রহমান। সমাবেশ সঞ্চালনা করেন প্রথম আলোর রাজশাহীর নিজস্ব প্রতিবেদক আবুল কালাম মুহম্মদ আজাদ। অনুষ্ঠানে বিশ্ববিদ্যালয়ের অধ্যাপক, গণমাধ্যমের সম্পাদক, শিক্ষক, সমাজকর্মী, কৃষি উদ্যোক্তা, কর্মকর্তা, সংবাদপত্র এজেন্টসহ বিভিন্ন শ্রেণি-পেশার মানুষ অংশ নেন এবং তাঁদের মতামত তুলে ধরেন।
প্রথম আলো সম্পাদক মতিউর রহমানের প্রতি কৃতজ্ঞতা জানিয়ে সুধী সমাবেশে বক্তারা বলেন, সমাজ গড়ার কাজে প্রথম আলোকে আরও এগিয়ে আসতে হবে, প্রথম আলোর সে সক্ষমতা আছে। গণমাধ্যমটির প্রতি পাঠকের আস্থাও আছে। অনুষ্ঠানে বক্তারা প্রথম আলোর ২৭ বছরের যাত্রাকে অভিনন্দন জানিয়ে বলেন, প্রতিষ্ঠানটি যেন ভবিষ্যতেও সত্য প্রকাশের ধারাবাহিকতা বজায় রেখে সাংবাদিকতা চালিয়ে যায়।
নারী ও প্রতিবন্ধীদের নিয়ে আরও কাজ করার আহ্বান জানিয়ে সুধী সমাবেশে সমাজকর্মী কল্পনা রায় ভৌমিক বলেন, ‘আমি প্রতিবন্ধীদের নিয়ে স্কুল পরিচালনা করেছি। এই বিদ্যালয় করতে গিয়ে এত সমস্যা, এত বাধা এসেছে। ওই সময় প্রথম আলো পাশে ছিল। প্রতিবন্ধী শিশুদের সাফল্য ও তাদের সংগ্রাম নিয়ে প্রথম আলো যেভাবে পাশে দাঁড়িয়েছে, তা প্রশংসনীয়। তবে সপ্তাহে অন্তত একটি পাতা প্রতিবন্ধী ও তাদের অভিভাবকদের জন্য বরাদ্দ রাখা প্রয়োজন।’
পুঠিয়ার ধাদাশ সরকারি প্রাথমিক বিদ্যালয়ের প্রধান শিক্ষক দিলরুবা খাতুন বলেন, ‘আমি জাতীয় পর্যায়ে শ্রেষ্ঠ বিদ্যালয়ের পুরস্কার পেয়েছি। কিন্তু প্রথম আলোর “প্রিয় শিক্ষক সম্মাননা” পাওয়ার আনন্দ ছিল অন্য রকম। এটি শিক্ষকদের জন্য এক বিশাল প্রাপ্তি।’
সুশাসনের জন্য নাগরিকের (সুজন) রাজশাহী জেলার সভাপতি আহমদ সফি উদ্দিন সাংবাদিকতায় নিরপেক্ষতা বজায় রাখা এবং সিনিয়র সিটিজেনদের (প্রবীণ নাগরিক) জন্য বিশেষ পাতা চালুর দাবি জানান। এ ছাড়া সীমান্তের মানুষের খবর, সড়কে নিরাপত্তা, খাদ্যনিরাপত্তা, খেলাধুলার পাতায় গ্রামবাংলার প্রত্যন্ত অঞ্চলের ক্রীড়াচর্চাকে তুলে ধরার এবং আন্তর্জাতিক পাতায় রাজনীতির বাইরে সামাজিক উন্নয়নের খবর প্রকাশের অনুরোধ করেন।
বাংলাদেশ বেতারের রাজশাহীর ধারাভাষ্যকার আবদুর রোকন মাসুম প্রথম আলোর সত্য উদ্‌ঘাটনের তিনটি প্রতিবেদনের উদাহরণ দিয়ে বলেন, ‘কেন প্রথম আলো পড়ি? কেন ভালোবাসি? কেন প্রথম আলো ছাড়া অন্য কোনো পত্রিকায় নজর দিতে স্বাচ্ছন্দ্য বোধ করি না? মূলত সত্য প্রকাশ এবং অকপটে প্রকাশের জন্য।’
রাজশাহী বিশ্ববিদ্যালয়ের সহ-উপাচার্য (শিক্ষা) অধ্যাপক মোহা. ফরিদ উদ্দীন খান বলেন, ‘বাংলাদেশে প্রতিষ্ঠানের প্রতি আস্থা নেই, সরকারের প্রতি আস্থা নেই, অনেক ক্ষেত্রে আস্থা নেই। কিন্তু এমন একটা পত্রিকা বাংলাদেশে আমাদের সামনে আছে—প্রথম আলো, যার ওপরে মানুষের আস্থা আছে। এটা একটা বড় অর্জন। আমি ব্যক্তিগতভাবে সোশ্যাল মিডিয়ায় যখন কোনো নিউজ দেখি, তারপর আমি চেক করি যে প্রথম আলোতে এটা আসছে কি না। যতক্ষণ না প্রথম আলোতে এটা দেখি, ততক্ষণ সেই সংবাদটা সম্পর্কে আমার আস্থাটা জন্মে না।’
অনুষ্ঠানে রাজশাহী মহানগর সংবাদপত্র শ্রমিক ইউনিয়নের সভাপতি দুলাল হোসেন বলেন, অনেক শিক্ষার্থী সকালে ফোন করে প্রথম আলো পত্রিকা কিনতে চান, যা পত্রিকাটির প্রতি তাঁদের ভালোবাসার প্রমাণ।
সমাবেশে পাঠকেরা ছাপা সংস্করণের খবরের নিচে অনলাইন লিংক বা কিউআর কোড যুক্ত করার প্রস্তাব দেন। এ ছাড়া ইতিহাস, ঐতিহ্য, সাহিত্য ও গবেষণাধর্মী লেখার পরিমাণ বাড়ানোর অনুরোধ জানান পাঠকেরা।
সুধী সমাবেশে প্রথম আলো নিয়ে একটি প্রামাণ্যচিত্র প্রদর্শন করা হয়েছে। প্রথম আলো সম্পাদক উপস্থিত পাঠকের নানা প্রশ্নের উত্তর দেন।
প্রথম আলো সম্পাদক মতিউর রহমান বলেন, রাজশাহীর সঙ্গে প্রথম আলোর দীর্ঘদিনের সম্পর্ক রয়েছে এবং এই অঞ্চল সব সময়ই পত্রিকার বড় পাঠক ভিত্তি তৈরি করেছে। বাংলাদেশ পরিসংখ্যান ব্যুরোর জরিপে দেখা গেছে, ছাপা ও অনলাইন মিলিয়ে দেশের মোট পাঠকের ৫৭ শতাংশ প্রথম আলো পড়েন এবং ৬৪ জেলার মধ্যে ৬১ জেলায় প্রথম আলো শীর্ষে আছে। তিনি জানান, ১৯৯৮ সালে প্রথম আলো যাত্রা শুরুর সময় লক্ষ্য ছিল সত্যনিষ্ঠ ও নিরপেক্ষ সংবাদ পরিবেশন এবং নিজস্ব আয়ে টিকে থাকা। তখন ১৬ পৃষ্ঠা দিয়ে শুরু হলেও ধীরে ধীরে তা সর্বোচ্চ ৪০ পৃষ্ঠা ছাপা হয়েছে এবং একসময় প্রতিদিনের ছাপার সংখ্যা ৫ লাখের বেশি হয়েছে, যা দেশের ইতিহাসে নজিরবিহীন। তিনি বলেন, ডিজিটাল যুগে ছাপা সংস্করণের ওপর চাপ বাড়লেও অনলাইন ও সোশ্যাল মিডিয়ায় প্রথম আলোর অগ্রগতি আশাব্যঞ্জক।
প্রথম আলো সম্পাদক বলেন, সংবাদমাধ্যম এখন ‘প্রিন্ট ফার্স্ট, অনলাইন ফার্স্ট, মোবাইল ফার্স্ট, ভিডিও ফার্স্ট’ যুগ পার হয়ে ‘এআই ফার্স্ট’ যুগে প্রবেশ করেছে। প্রযুক্তির এই দ্রুত পরিবর্তন সাংবাদিকতার সামনে নতুন চ্যালেঞ্জ তৈরি করেছে, বিশেষ করে তরুণ প্রজন্মকে সংবাদমাধ্যমের সঙ্গে যুক্ত রাখা এবং মিথ্যা তথ্য, অপপ্রচারের বিরুদ্ধে লড়াই করা।
মানুষের আস্থা অটুট রাখতে প্রথম আলো প্রতিদিন যাচাই-বাছাই, ফ্যাক্ট-চেকিং ও সতর্কতার ওপর জোর দিচ্ছে জানিয়ে সম্পাদক বলেন, অতীতে বিভিন্ন সরকারের সময় বিজ্ঞাপন বন্ধ হওয়া, মামলা, হুমকি, প্রচারে বাধা সৃষ্টি—সবকিছুই প্রথম আলোর ওপর এসেছে। এমনকি সংসদে প্রথম আলোকে ‘শত্রু’ আখ্যা দেওয়া হয়েছিল। তবু সত্য প্রকাশের নীতি থেকে পত্রিকা সরে যায়নি এবং পাঠকদের সমর্থনেই এগিয়ে চলছে।
মতিউর রহমান বলেন, প্রথম আলোর উদ্দেশ্য কখনোই রাজনৈতিক এজেন্ডা নয়; বরং ভালো সাংবাদিকতা, সত্য প্রকাশ এবং মানুষের জীবনের উন্নয়নে অবদান রাখা। তাই শুধু সংবাদ নয়, প্রথম আলো বিভিন্ন সামাজিক উদ্যোগও চালিয়ে যাচ্ছে। দরিদ্র শিক্ষার্থীদের বৃত্তি প্রদান, আলোর পাঠশালা, দুর্গম অঞ্চলে স্কুল পরিচালনা, চরের নামকরণ, রাস্তা নির্মাণে জনমত সৃষ্টি, নারীর প্রতি সহিংসতা কমাতে দীর্ঘ কর্মসূচি, মাদকবিরোধী সভা—এসবই পাঠকের জীবনে ইতিবাচক পরিবর্তন আনতে কাজ করেছে। তিনি আরও জানান, আন্তবিশ্ববিদ্যালয় ফুটবল প্রতিযোগিতার মতো জাতীয় উদ্যোগও তরুণসমাজকে এগিয়ে নিতে ভূমিকা রাখছে।
সম্পাদক মতিউর রহমান বলেন, সব চাপ-বাধা সত্ত্বেও সত্য, সততা ও পাঠকের বিশ্বাসই প্রথম আলোর শক্তি, আর সেই শক্তির ভিত্তিতেই আগামী দিনের চ্যালেঞ্জ মোকাবিলা করা হবে।
সুধী সমাবেশে উপস্থিত ছিলেন রাজশাহী বিশ্ববিদ্যালয়ের সহ-উপাচার্য (প্রশাসন) মোহাম্মদ মাঈন উদ্দীন, নদী গবেষক ও লেখক মাহবুব সিদ্দিকী, রাজশাহী জেলা মহিলা পরিষদের সভাপতি কল্পনা রায়, রাজশাহী চেম্বার অব কমার্স অ্যান্ড ইন্ডাস্ট্রির সভাপতি মাসুদুর রহমান, রাজশাহী রেস্তোরাঁ মালিক সমিতির সভাপতি রিয়াজ উদ্দিন আহমেদ, শাহ কৃষি পাঠাগার ও জাদুঘরের প্রতিষ্ঠাতা জাহাঙ্গীর আলম শাহ, রাজশাহী প্রকৌশল ও প্রযুক্তি বিশ্ববিদ্যালয়ের সাবেক অধ্যাপক ও গ্রামোফোন সংগ্রাহক ইকবাল মতিন, কবি মোস্তাক রহমান, দৈনিক সোনালী সংবাদের সম্পাদক লিয়াকত আলী, জাতীয় নাগরিক পার্টির (এনসিপি) রাজশাহী মহানগরের আহ্বায়ক মো. মোবাশ্বের আলী, রাজশাহী বিশ্ববিদ্যালয়ের গণযোগাযোগ ও সাংবাদিকতা বিভাগের চেয়ারম্যান অধ্যাপক সাজ্জাদ বকুল, বরেন্দ্র বিশ্ববিদ্যালয়ের নির্বাহী পরিচালক মো. শামীম আহসান, স্বশিক্ষিত কৃষিবিজ্ঞানী নূর মোহাম্মদ প্রমুখ।"
"হেফাজতে থাকা আসামির বক্তব্য: সাংবাদিকতা, দায়িত্ববোধ ও কিছু প্রশ্ন","কিছু কিছু পেশা আছে, যেখানে শপথ নেওয়ার পর পেশাগত দায়িত্ব পালন করতে হয়। যেমন ওকালতি, সাংবাদিকতা, ডাক্তারি ইত্যাদি। সাংবাদিকতা পেশা জনমানুষের সঙ্গে ওতপ্রোতভাবে জড়িত; ভুল ও ব্যত্যয়ের কারণে সহজেই কেউ ক্ষতিগ্রস্ত হতে পারে। তাই শপথের বিধান রয়েছে, যেন পেশাগত নীতি-নৈতিকতা থেকে কোনোরূপ বিচ্যুতি না ঘটে।
বাংলাদেশ রাষ্ট্রের জন্মের আগে থেকে শুরু করে মহান মুক্তিযুদ্ধ এবং পরবর্তীকালে যতগুলো বাঁক বদল করা ঐতিহাসিক ঘটনাপ্রবাহ হয়েছে, তার সব কটিতেই সাংবাদিকদের অনন্য ভূমিকা রয়েছে। বর্তমানে প্রযুক্তির উৎকর্ষের সঙ্গে সংবাদ সংগ্রহ সহজলভ্য হয়েছে। তবে পেশাগত মান ও দায়বদ্ধতা নিয়ে প্রশ্ন রয়েছে। সংবাদপত্র, তথা সংবাদমাধ্যমের স্বাধীনতা অতীব গুরুত্বপূর্ণ; তবে তা দায়বদ্ধতার জায়গাটি অস্বীকার করে নয়।
প্রেস কাউন্সিল অ্যাক্ট, ১৯৭৪-এর ১১(বি) ধারার ক্ষমতাবলে প্রণীত ‘সাংবাদিকদের জন্য আচরণবিধি, ১৯৯৩ (২০০২ পর্যন্ত সংশোধিত)’–এর পরিশিষ্টে একটি শপথনামা রয়েছে, যা প্রত্যেক সাংবাদিককে পাঠ করে স্বাক্ষর করতে হয়। কিন্তু এই শপথনামা সম্পর্কে বেশির ভাগ সাংবাদিক ওয়াকিবহাল নন। এমনকি অনেকে আচরণবিধি পড়ার সুযোগও পাননি; আর পড়লেও পালনের বিষয়ে উদাসীন।
সাম্প্রতিক একটি ঘটনায় সাংবাদিকদের পেশাগত দায়বদ্ধতার প্রশ্নটি আবার উঠেছে। রাজশাহীতে একজন বিচারকের সন্তানকে হত্যা ও স্ত্রীকে আহত করার পর পুলিশের হেফাজতে থাকা আসামির বক্তব্য ধারণ ও দায়িত্বহীনভাবে তা প্রচার করা হয়েছে।
বিচারকের সন্তান যেখানে হত্যাকাণ্ডের শিকার হয়েছে এবং স্ত্রী গুরুতর জখম হয়ে চিকিৎসাধীন রয়েছেন, সেখানে ধৃত ব্যক্তির বক্তব্যে নিন্দনীয়ভাবে ভিকটিম ব্লেমিং করা হয়েছে এবং নীতি–নৈতিকতা বিবেচনায় না নিয়ে প্রচার করা হয়েছে।
উন্নত দেশগুলোয় সহিংস ঘটনায় ভিকটিমের পরিচয় গোপন করা হয়। আমাদের দেশের নারী ও শিশু নির্যাতন দমন আইন ২০০০–সহ বেশ কিছু আইনে ভিকটিমের পরিচয় প্রকাশ নিষিদ্ধ। এখন হরহামেশাই আইনশৃঙ্খলা রক্ষাকারী বাহিনী ভিকটিম, আসামিকে নিয়ে ব্রিফিং করে। এ ধরনের মিডিয়া ট্রায়াল আইনে স্বীকৃত নয়। আদালত কর্তৃক বিচারের আগেই মিডিয়া কর্তৃক সৃষ্ট জনমতভিত্তিক ধারণা (মিডিয়া ট্রায়াল) মারাত্মক ঋণাত্মক প্রভাব রয়েছে। অথচ এমন মিডিয়া ট্রায়াল উচ্চ আদালতের নির্দেশনার লঙ্ঘন [আয়েশা সিদ্দিকা মিন্নি বনাম রাষ্ট্র (৩৯ বিএলডি ৪৭০)]।
রাজশাহীর ঘটনায় অনলাইন থেকে মূলধারার অনেক সংবাদমাধ্যম সাংবাদিকতার আচরণবিধি ও উচ্চ আদালতের আইনগত নির্দেশনা পালনে সচেষ্ট হয়নি। প্রশ্ন উঠতে পারে, সাংবাদিক তো যেকোনো উৎস থেকে খবর সংগ্রহ করতে পারেন। হ্যাঁ, পারেন; তবে তারও মানদণ্ড নির্ধারিত আছে।
একজন আসামি, যিনি পুলিশ হেফাজতে আছেন, তাঁর বক্তব্য নেওয়ার আইনত কোনো সুযোগ নেই। আর কোনো নারীকে জড়িয়ে ছবিসহ মুখরোচক গল্প প্রচার করা সাংবাদিকতা আইনের সুস্পষ্ট লঙ্ঘন (আচরণবিধি ১৩/২৩)। ঘটনার আগে জিডি থাকায় এবং তারপর হত্যাকাণ্ড সংঘটিত হওয়ায় বিষয়টি বিচারাধীন, আর বিচারাধীন বিষয়ে বিচারকে প্রভাবিত করতে পারে—এমন কিছু প্রকাশ বা প্রচার সাংবাদিকতার আচরণবিধির আরেকটি লঙ্ঘন (আচরণবিধি ১৬)।
ঘটনার সপ্তাহখানেক আগেই আসামির কাছ থেকে জীবননাশের হুমকি পাওয়ায় নিরাপত্তাহীনতার কথা উল্লেখ করে ভিকটিম সিলেটে জিডি করেছিলেন। ঘটনার দিন দুপুরেও রাজশাহীতে ভিকটিম থানায় গিয়ে এমন আশঙ্কার কথা পুলিশকে জানিয়েছিলেন। জিডি থাকা সত্ত্বেও ভিকটিম পরিবারের নিরাপত্তা নিশ্চিত করতে পুলিশের ব্যর্থতা তুলে না ধরে ভিকটিম ব্লেমিংকে উসকে দিয়ে সংবাদমাধ্যম কতটা দায়িত্বশীলতা দেখিয়েছে—সে প্রশ্ন তোলা যায়।
এখন অফলাইন–অনলাইন সাংবাদিকতার নানা মাধ্যম হয়েছে; কিন্তু পেশাগত মানদণ্ড মানার যেন কোনো বালাই নেই। ২০২৫ সালের শুরুর দিকে প্রেস অ্যাক্রেডেনশিয়াল নীতিমালা প্রণীত হয়েছে, যেখানে কোড অব কনডাক্ট ভাঙলে পেশাগত শাস্তিমূলক পদক্ষেপ নেওয়ার বিধান আছে। যারা নিয়ম মানছে না, তাদের বিরুদ্ধে প্রেস কাউন্সিল যেন প্রয়োজনীয় পদক্ষেপ নেয়। সেই সঙ্গে সাংবাদিকদের পেশাগত প্রশিক্ষণ থাকা জরুরি। নইলে সাংবাদিকতার পেশাগত মান নিম্নমুখী হওয়ার যৌক্তিক আশঙ্কা বাড়বে।
মো. জিয়াউর রহমানএমফিল ফেলো, ইনস্টিটিউট অব বাংলাদেশ স্টাডিজ"
মতপ্রকাশের স্বাধীনতা ও মুক্ত সাংবাদিকতার ওপর গুরুত্ব নোবেলজয়ী স্টিগলিৎসের,"অর্থনীতিতে নোবেলজয়ী জোসেফ ই. স্টিগলিৎস বলেছেন, গণতান্ত্রিক মূল্যবোধ রক্ষায় সাংবাদিকতার ক্ষেত্রে স্পষ্ট কর্মপরিকল্পনা, মতপ্রকাশের স্বাধীনতা ও অযাচিত হস্তক্ষেপমুক্ত পরিবেশ অপরিহার্য।
অস্ট্রিয়ার রাজধানী ভিয়েনায় এক আন্তর্জাতিক সম্মেলনে বক্তব্য দিতে গিয়ে তিনি বলেন, কর্তৃত্ববাদ, ভুয়া তথ্য এবং কৃত্রিম বুদ্ধিমত্তাজনিত (এআই) চ্যালেঞ্জের যুগে গণমাধ্যমের জনস্বার্থভিত্তিক ভূমিকা গণতান্ত্রিক সমাজ টিকিয়ে রাখতে অত্যন্ত গুরুত্বপূর্ণ।
তিন দিনব্যাপী এই সম্মেলন (২৩–২৫ অক্টোবর) আয়োজন করে ইন্টারন্যাশনাল প্রেস ইনস্টিটিউট (আইপিআই)। এতে বিশ্বের ১০০টি দেশের সংবাদমাধ্যমের প্রতিনিধিরা অংশ নেন।
সম্মেলনে বক্তারা বলেন, ভিন্নমত দমন বা সংবাদ প্রকাশে বাধা দেওয়া সভ্য সমাজের নীতির সঙ্গে বেমানান।
বাংলাদেশ থেকে দ্য এশিয়ান এজ–এর সম্পাদকীয় বোর্ডের চেয়ারম্যান শোয়েব চৌধুরী সম্মেলনে অংশ নেন এবং স্টিগলিৎসের সঙ্গে মতবিনিময় করেন।
মার্কিন অর্থনীতিবিদ ও কলাম্বিয়া বিশ্ববিদ্যালয়ের অধ্যাপক স্টিগলিৎস বর্তমানে রুজভেল্ট ইনস্টিটিউটের প্রধান অর্থনীতিবিদ হিসেবে দায়িত্ব পালন করছেন। তিনি ২০০১ সালে অর্থনীতিতে নোবেল পুরস্কার লাভ করেন। বিশ্বব্যাংকের প্রধান অর্থনীতিবিদ হিসেবেও দায়িত্ব পালন করেছেন তিনি। ২০১১ সালে টাইম সাময়িকী তাঁকে বিশ্বের সবচেয়ে প্রভাবশালী ১০০ ব্যক্তির একজন হিসেবে স্বীকৃতি দেয়।
সম্মেলনে মতপ্রকাশের স্বাধীনতা, সংবাদমাধ্যমের স্বাধীনতা, কৃত্রিম বুদ্ধিমত্তার নেতিবাচক প্রভাব এবং সাংবাদিকদের হয়রানিবিরোধী কৌশলের মতো বিষয় নিয়ে একাধিক সেশন ও সেমিনার অনুষ্ঠিত হয়।"
ইউনিয়নে রাজনীতি থাকলে স্বাধীন সাংবাদিকতা কীভাবে হবে: মাহ্‌ফুজ আনাম,"বাংলাদেশে স্বাধীন সাংবাদিকতার অন্তরায় হিসেবে সাংবাদিক ইউনিয়নগুলোর রাজনৈতিক সম্পৃক্ততাকেও দায়ী করছেন সম্পাদক পরিষদের সভাপতি ও ডেইলি স্টার সম্পাদক মাহ্‌ফুজ আনাম।
তিনি বলেছেন, ‘যত দিন পর্যন্ত আমার সাংবাদিক ইউনিয়নগুলো রাজনৈতিক ভিত্তির ওপরে নির্ভর করে বিভক্ত থাকবে, তত দিন পর্যন্ত স্বাধীন সাংবাদিকতা হবে না।’
‘বাংলাদেশের গণমাধ্যমে সংস্কার: সুপারিশ, বাস্তবতা ও ভবিষ্যৎ’শীর্ষক এক গোলটেবিল বৈঠকে এ কথা বলেন মাহ্‌ফুজ আনাম। আজ বুধবার সকালে রাজধানীর কারওয়ান বাজারে প্রথম আলো কার্যালয়ে এ বৈঠকের আয়োজন করে প্রথম আলো। বৈঠকটি সঞ্চালনা করেন প্রথম আলোর নির্বাহী সম্পাদক সাজ্জাদ শরিফ।
মাহ্‌ফুজ আনাম বলেন, ‘আমি যতই স্বাধীন সাংবাদিকতার কথা বলি, কিন্তু আমি একটা বিশিষ্ট দলের আনুগত্যে আমি সাংবাদিক ইউনিয়ন করি; তো পাঠক কি আমাকে বিশ্বাস করবে? কেন বিশ্বাস করবে?’
দর্শক, পাঠক, শ্রোতার কাছে গণমাধ্যমের দায়বদ্ধতার দিকটি স্মরণ করিয়ে দিয়ে তিনি বলেন, ‘তাঁর (পাঠক, দর্শক ও শ্রোতা) কনফিডেন্স অর্জন করা হচ্ছে আমার মূল কাজ। এবং আমার ভবিষ্যৎও কিন্তু পাঠকের ওপর নির্ভরশীল। ডেইলি স্টার কতজন পাঠক পড়ে, এটাই ডেইলি স্টারের ভবিষ্যৎ নির্ধারণ করবে। সরকার কী মনে করে, সেটাতে ডেইলি স্টারের ভবিষ্যৎ নির্ধারণ হবে না।’
সম্পাদক পরিষদের সভাপতি মাহ্‌ফুজ আনাম গণমাধ্যম সংস্কার কমিশনের প্রস্তাব নিয়ে বলেন, স্বাধীন মিডিয়া কমিশন গঠনকে তিনি গুরুত্বপূর্ণ মনে করেন। এটি গঠিত হলে একটি কাঠামোগত পরিবর্তন আসবে। স্বাধীন সাংবাদিকতা এগিয়ে যাবে।
তবে কমিশনের প্রস্তাব বাস্তবায়ন নিয়ে সংশয় প্রকাশ করে তিনি বলেন, ‘এখন এই সরকার কত দূর আগ্রহী হবে, আমার সন্দেহ আছে। আমরা কীভাবে এগোব, এটাতে অনেক প্রতিকূলতা আছে। তাই আমি মনে করি যে সাংবাদিকেরা নিজেরা, অর্থাৎ সাংবাদিক সম্পাদক এবং সংবাদপত্রের মালিকেরা আমরা নিজেরা যেন আরও বেশি আমাদের স্বার্থের বিষয়ে সচেতন হই এবং আমরা নিজেরা আমাদের নিজের কতগুলো আদর্শিক জায়গাকে দৃঢ় করি।’
গণমাধ্যমগুলোর কাজ কীভাবে চলবে, তা নিজেদেরই ঠিক করে নেওয়ার পক্ষে মত জানিয়ে তিনি কিছু বিষয়ের উল্লেখ করে বলেন, ‘সাংবাদিকতার এথিক্স, সম্পাদকের এথিক্স, মালিকের এথিক্স; মালিকের কোথায় অধিকার কতটুক থাকবে, কতটুক থাকবে না; সম্পাদকের কী দায়িত্ব এবং সাংবাদিকদের কী দায়িত্ব।’
গণমাধ্যমের মালিক-সম্পাদক সম্পর্ক নিয়ে ডেইলি স্টার সম্পাদক বলেন, ‘এই মুহূর্তে আমাদের এগিয়ে যাওয়ার কাজ হবে আমরা সাংবাদিকেরা, সম্পাদকেরা এবং মালিকেরা, আমরা নিজেদের স্বার্থে একটা জগৎ তৈরি করি, যেখানে বাইরের প্রভাব অতটা আসবে না।’
জবাবদিহি যদি সরকারের কাছে থাকে, তাহলে সাংবাদিকতার বিকাশ কঠিন—এমন মন্তব্য করে তিনি বলেন, এই দায়বদ্ধতা যত দিন থাকবে এবং আস্তে আস্তে ক্রমাগত না কমবে, সেখানে স্বাধীন সাংবাদিকতার সত্যিকার বিকাশ খুবই খুবই দুরূহ।’
গোলটেবিল বৈঠকে অংশ নেন গণমাধ্যম সংস্কার কমিশনের প্রধান কামাল আহমেদ, ঢাকা বিশ্ববিদ্যালয়ের গণযোগাযোগ ও সাংবাদিকতা বিভাগের অধ্যাপক ও গণমাধ্যম সংস্কার কমিশনের সদস্য গীতি আরা নাসরীন, নিউজপেপার্স ওনার্স অ্যাসোসিয়েশন অব বাংলাদেশের (নোয়াব) সদস্য এ কে আজাদ, সম্পাদক পরিষদের সাধারণ সম্পাদক ও বণিক বার্তার সম্পাদক দেওয়ান হানিফ মাহমুদ, ব্রডকাস্ট জার্নালিস্ট সেন্টারের (বিজেসি) সভাপতি ও মাছরাঙা টিভির বার্তা সম্পাদক রেজওয়ানুল হক রাজা।
নাগরিক ঐক্যের সভাপতি মাহমুদুর রহমান মান্না, বিএনপির মিডিয়া সেলের প্রধান মওদুদ হোসেন আলমগীর (পাভেল), জামায়াতে ইসলামীর কেন্দ্রীয় প্রচার ও মিডিয়া বিভাগের প্রধান মতিউর রহমান আকন্দ, এনসিপির যুগ্ম সদস্যসচিব ও মিডিয়া সেলের সম্পাদক মুশফিক উস সালেহীন, নর্থ সাউথ ইউনিভার্সিটির রাষ্ট্রবিজ্ঞান ও সমাজবিজ্ঞান বিভাগের সহযোগী অধ্যাপক এস এম রেজওয়ান উল আলম, এমআরডিআইয়ের নির্বাহী পরিচালক হাসিবুর রহমান, গণমাধ্যম সংস্কার কমিশন সদস্য কামরুন্নেসা হাসান এই বৈঠকে উপস্থিত ছিলেন।"
নেত্রকোনায় সাংবাদিকের ওপর হামলার প্রতিবাদে মানববন্ধন,"নেত্রকোনায় সাংবাদিক লুৎফুজ্জামান আলিফের ওপর হামলার প্রতিবাদে ও আসামিদের দ্রুত গ্রেপ্তার করে দৃষ্টান্তমূলক শাস্তি দাবিতে মানববন্ধন হয়েছে। আজ সোমবার বেলা ১১টা ৩০ মিনিটে শহরের মোক্তারপাড়া এলাকায় জেলা প্রেসক্লাবের সামনে নেত্রকোনা সাংবাদিক সমাজের ব্যানারে এই কর্মসূচি পালিত হয়।
জেলা প্রেসক্লাবের সহসভাপতি ও চ্যানেল আইয়ের প্রতিনিধি জাহিদ হাসানের সভাপতিত্বে মানববন্ধনে বক্তব্য দেন বাংলাদেশ সাংবাদিক সমিতির কেন্দ্রীয় কমিটির সহসভাপতি বীর মুক্তিযোদ্ধা হায়দার জাহান চৌধুরী, জেলা প্রেসক্লাবের যুগ্ম সাধারণ সাধারণ সম্পাদক নাজমুস শাহাদৎ, জাতীয়তাবাদী সাংবাদিক ফোরামের জেলা কমিটির সভাপতি পারভেজ, হামলার শিকার লুৎফুজ্জামান আলিফ প্রমুখ।
লুৎফুজ্জামান আলিফ বেসরকারি টেলিভিশন চ্যানেল রূপসী বাংলার নেত্রকোনা প্রতিনিধি হিসেবে কর্মরত।
স্থানীয় বাসিন্দা ও পুলিশ সূত্রে জানা গেছে, ১০ নভেম্বর দুপুরে লুৎফুজ্জামান আলিফ ও তাঁর সহকর্মী শাহজাহান শেখ জেলার দুর্গাপুরের সোমেশ্বরী নদী পার হয়ে একটি ভাড়া মোটরসাইকেলে নদীর তেরিবাজার ঘাটে নামেন। এ সময় দুটি মোটরসাইকেলে করে চারজন ব্যক্তি সেখানে যান। তাঁদের মধ্যে দুজন চাপাতি হাতে লুৎফুজ্জামানকে এলোপাতাড়ি কুপিয়ে জখম করে। সঙ্গে থাকা শাহজাহান শেখ বাধা দিতে গেলে তাঁকেও কোপানোর চেষ্টা করে দুর্বৃত্তরা। পরে স্থানীয় লোকজন লুৎফুজ্জামানকে উদ্ধার করে ময়মনসিংহ মেডিকেল কলেজ হাসপাতালে ভর্তি করেন। তিনি পরে ঢাকায় চিকিৎসা শেষে গতকাল বাড়ি ফেরেন।
এ ঘটনায় লুৎফুজ্জামান বাদী হয়ে দুর্গাপুর থানায় মামলা করেছেন। এতে দুর্গাপুর পৌরশহরের পশ্চিম মোক্তারপাড়া এলাকার ইমরান ইসলাম ওরফে ইমন (২৩) ও পুলিশ মোড় এলাকার মো. সৌরভের (২৩) নামোল্লেখ করে এবং আরও চারজনকে অজ্ঞাতনামা আসামি করা হয়েছে। পুলিশ কোনো আসামিকে গ্রেপ্তার করতে পারেনি।
দুর্গাপুর থানার ভারপ্রাপ্ত কর্মকর্তা (ওসি) মাহমুদুল হাসান প্রথম আলোকে বলেন, আসামিদের গ্রেপ্তারে পুলিশি অভিযান অব্যাহত আছে।"
"সাংবাদিকতার সত্য, সাংবাদিকতার সাহস","‘শানু ভাই।’
‘আন্নে কই?’
‘আঁই গুলি খাইছি, গুলি খাইছি, গুলি খাইছি।’
‘ইন্নালিল্লাহ!’
‘আঁই গুলি খাইছি, গুলি খাইছি।’
‘কোনঠে আপনি। আপনে আছেন কই?’
মোবাইল ফোনের অন্য প্রান্তে এবার কান্না মেশানো কণ্ঠ ক্ষীণ হয়ে আসে, ‘ও শানু ভাই।’
‘আন্নে কই, আন্নে কই? আন্নে কোন জাগায় আছেন?’
ওইপার থেকে আর কোনো জবাব আসে না। কণ্ঠ নিভে গেছে। নীরবতার নিরবচ্ছিন্ন প্রবাহ।
যে দুটি চরিত্রের মধ্যে ওপরের সংলাপগুলো বিনিময় হলো, তাঁদের নাম রিটনউদ্দীন আর আলী সামাদ শানু। তবে এটি কোনো চলচ্চিত্রের চিত্রনাট্য নয়, সত্যিকারের নিষ্করুণ মৃত্যুনাট্য। ঘটনার দৃশ্যপট গত বছরের ৫ আগস্ট যাত্রাবাড়ী মহাসড়ক। পুলিশ তখন মরিয়া হিংস্রতায় নিরস্ত্র জনতাকে এলোপাতাড়ি গুলি করে মারছে। তাদের ছোঁড়া তিনটি বুলেট রিটনের শরীর ভেদ করে চলেও গেছে। বাঁচার আর্তি জানিয়ে রিটন ফোন করেছেন তাঁর সহকর্মী শানুকে। গুলি খাওয়া আর মৃত্যুর কোলে ঢলে পড়ার মাঝখানে এটাই তাঁর জীবনের শেষ কথা।
গত বছরের ছাত্র–জনতার অভ্যুত্থানের সময় শেখ হাসিনার রাষ্ট্রীয় ও রাজনৈতিক বাহিনীর লোক যে নিষ্ঠুর হত্যাযজ্ঞ চালায়, সেটি শুধু বড় একটি সংখ্যা নয়। সেই বিমূর্ত সংখ্যার মধ্যে লুকিয়ে আছে রিটনের মতো অজস্র মানুষের আলাদা আলাদা মর্মান্তিক ঘটনা।
রিটনের এই কাহিনিটি আমরা তুলে ধরলাম ‘রক্তাক্ত মহাসড়ক: যাত্রাবাড়ী হত্যাকাণ্ড’ নামেপ্রথম আলোর তৈরি করা একটি প্রামাণ্যচিত্র থেকে। প্রামাণ্যচিত্রটি তৈরি করতে আমাদের সহকর্মী আব্দুল্লাহ আল হোসাইনকে যাত্রাবাড়ীর সেই ঘটনার শত শত ফুটেজ সংগ্রহ করতে হয়েছে—আন্দোলনকারীদের ফুটেজ, সিসিটিভির ফুটেজ, সামাজিক যোগাযোগমাধ্যমে প্রকাশিত ফুটেজ। সেগুলো পরীক্ষা–নিরীক্ষা করে ৩৫ মিনিটের যে প্রামাণ্যচিত্রটি তৈরি হয়েছে, তাতে ধারণ করা আছে রিটনের মতো হত্যার শিকার একেকটি মানুষের করুণ কাহিনি। এভাবে প্রামাণ্যচিত্রটি হয়ে উঠেছে সেদিনের হত্যাযজ্ঞের মহাফেজখানাতুল্য এক নথির সংগ্রহ।
জুলাই গণ–অভ্যুত্থানের পরেপ্রথম আলোর পক্ষ থেকে আব্দুল্লাহ আল হোসাইন তৈরি করেছেন আরও দুটো প্রামাণ্যচিত্র—একটি সাভারের হত্যাযজ্ঞ নিয়ে ‘সাভার গণহত্যা: হাসিনা পালানোর পরের ৬ ঘণ্টা’, আরেকটি আন্দোলনের সময় মোহাম্মদপুরে আওয়ামী লীগের কর্মীদের চালানো হত্যাকাণ্ড নিয়ে ‘আন্দোলনে মোহাম্মদপুরে আওয়ামী লীগ নেতাদের তাণ্ডব’। এই সব কটি প্রামাণ্যচিত্র দর্শকদের জন্য উন্মুক্ত—প্রথম আলোর ওয়েবসাইটে এবং ইউটিউবে।
ঘটনা যখন ঘটছে
এই তিনটি প্রামাণ্যচিত্রের বাইরেও জুলাই গণ–অভ্যুত্থান নিয়েপ্রথম আলোবেশ কিছু অর্থবহ কর্তব্য পালন করেছে। অবশ্য এটা বিচ্ছিন্ন কিছু ছিল না, ছিল অভ্যুত্থানের সময়প্রথম আলোর দায়বদ্ধ সাংবাদিকতার এক ধারাবাহিক কার্যক্রম। গত বছরের জুলাই–আগস্ট মাসে দেশ যখন হয়ে উঠেছিল যুদ্ধক্ষেত্রের মতো, গণমাধ্যমের ওপর চেপে বসেছিল বিগত স্বৈরাচারী সরকারের দুর্বিষহ চাপ, সেই কঠিন সময়েপ্রথম আলোহয়ে উঠেছিল পাঠকের যথাযথ সংবাদের এক ভরসার স্থান।
১৬ জুলাই থেকে সরকারের বাহিনী ও সন্ত্রাসীদের গুলিতে আন্দোলনরত সাধারণ মানুষের প্রাণহানির ঘটনা শুরু হয়।প্রথম আলোএ সময়ে আন্দোলনের তথ্য দেওয়ার পাশাপাশি আরও কিছু গুরুত্বপূর্ণ সিদ্ধান্ত নেয়—প্রতিটি মৃত্যুর পুঙ্খানুপুঙ্খ হিসাব নিয়মিত প্রকাশ করে যাওয়া, মারণাস্ত্রের আঘাতে অঙ্গহীন মানুষের তথ্য নিয়ে নিয়মিত প্রতিবেদন করা, নিহত ব্যক্তিদের নিয়ে মানবিক প্রতিবেদন করা, নাগরিক সমাজের পক্ষ থেকে নির্যাতন–নিষ্পেষণের বিরুদ্ধে মতামত প্রকাশ করা ইত্যাদি। ইতিহাসের সেই কঠিন সময়েপ্রথম আলোসাহস ও যত্নের সঙ্গে তার দায়িত্ব পালন করে গেছে।
প্রথম আলোঅনলাইনে সে সময়ের ৩৫ কোটি পেজ ভিউর সংখ্যাই বলে দেয় পাঠকের আস্থা কোন উচ্চতায় উঠেছিল। ১৮ জুলাই সরকার ইন্টারনেট ব্ল্যাকআউট করে দেয়; বন্ধ করে দেয় সব সামাজিক যোগাযোগমাধ্যম। পাঠক তখন বস্তুনিষ্ঠ খবরের জন্য হুমড়ি খেয়ে পড়েনপ্রথম আলোর ছাপা পত্রিকায়। পত্রিকার প্রচারসংখ্যা বেড়ে যায় অতিরিক্ত আরও দেড় লাখ।
সত্যনিষ্ঠ ও সাহসী সাংবাদিকতাপ্রথম আলোকে এনে দেয় আন্তর্জাতিক স্বীকৃতি। গণমাধ্যমের প্রকাশকদের বৃহত্তম সংগঠন ওয়ান-ইফরার কাছ থেকে এ বছরপ্রথম আলোপায় ‘আগামী প্রজন্মের পাঠক সম্পৃক্ততা’ ক্যাটাগরিতে বিশ্বসেরার পুরস্কার। গণমাধ্যমের বৃহত্তম আন্তর্জাতিক সংগঠন ইনমার বিচারেও ‘পাঠক সম্পৃক্ততা বাড়াতে সেরা ধারণা’ ক্যাটাগরিতে সারা বিশ্বে প্রথম হয়।
আন্দোলনের অন্দরে
বিপুল গণরোষের মুখে ২০২৪ সালের ৫ আগস্ট শেখ হাসিনা দেশ ছেড়ে পালাতে বাধ্য হন। ছাত্র–জনতার অপরিসীম ত্যাগ অবশেষে সফল হয়। এই পটভূমিতেপ্রথম আলোজুলাই গণ–অভ্যুত্থানের তথ্য সংগ্রহ করার, গণ–অভ্যুত্থানকে বোঝার এবং রাষ্ট্র, সরকার ও রাজনৈতিক দল নিয়ে মতামত ও নাগরিক বিতর্ক আয়োজনের উদ্যোগ নেয়।
‘বিদ্রোহে–বিপ্লবে’ নামে সে বছরেরই ২২ আগস্ট প্রকাশিত হয় জুলাই গণ–অভ্যুত্থান নিয়েপ্রথম আলোর প্রথম ক্রোড়পত্র। অভ্যুত্থান নিয়ে সেটিই ছিল প্রথম কোনো ক্রোড়পত্র।
গত বছরের ৪ নভেম্বরপ্রথম আলোর প্রতিষ্ঠাবার্ষিকী থেকে শুরু হয় গণ–অভ্যুত্থানকে বোঝার এবং মানুষের মধ্যে এর মর্ম ছড়িয়ে দেওয়ার জন্য নেওয়া হয় একাধিক উদ্যোগ। ২০২৪ সালের ৪ থেকে ৭ নভেম্বর পরপর চার দিন প্রকাশিত হয় অভ্যুত্থান নিয়ে চারটি ক্রোড়পত্র এবং ‘মুক্ত করো ভয়’ শিরোনামে আন্দোলনের ছবির অ্যালবাম। দেশের বিশিষ্ট শিল্পী শহীদ কবিরপ্রথম আলোর অনুরোধে শহীদ আবু সাঈদকে নিয়ে ছাপচিত্র রচনা করে দেন।প্রথম আলোসেটি উপহার হিসেবে তুলে দেয় দেশের বিশিষ্ট মানুষদের হাতে।
জাগ্রত জুলাই
জুলাই গণ–অভ্যুত্থান নিয়েপ্রথম আলোর সহযোগী প্রতিষ্ঠান প্রথমা প্রকাশন এ পর্যন্ত বের করেছে সাতটি বই। প্রতিটি বইয়ের বিষয় ও উদ্দেশ্য আলাদা। এর মধ্যে আলতাফ পারভেজেরলাল জুলাই: চব্বিশের গণ–অভ্যুত্থানের পথপরিক্রমা, সাজ্জাদ শরিফেরজুলাই গণ–অভ্যুত্থানের সাক্ষ্যএবং আসিফ মাহমুদ সজীব ভুঁইয়ারজুলাই: মাতৃভূমি অথবা মৃত্যুগণ–অভ্যুত্থানের তথ্য, ঘটনা, উপাদান ও প্রত্যক্ষ অভিজ্ঞতার বিবরণ। এই অভ্যুত্থান জনগণের মধ্যে যে রাজনৈতিক ও রাষ্ট্রনৈতিক আকাঙ্ক্ষার উন্মেষ ঘটিয়েছে, তা নজরুল ইসলামেরস্বৈরতন্ত্র প্রতিরোধের পথ: রাষ্ট্র সংস্কার ও সংবিধান সংশোধনআর আল মাসুদ হাসানউজ্জামানেরছাত্র–জনতার অভ্যুত্থান: নতুন পথে বাংলাদেশবই দুটোর বিষয়বস্তু। আলী রীয়াজেরআমিই রাষ্ট্র: বাংলাদেশে ব্যক্তিতান্ত্রিক স্বৈরতন্ত্রও আসিফ নজরুলেরশেখ হাসিনার পতনকালমূলত শেখ হাসিনার স্বৈরাচারী হয়ে ওঠার পথরেখার পর্যালোচনা।
এটা অনুমান করা যায় যে ভবিষ্যতে ছাত্র–জনতার অভ্যুত্থানের ইতিহাস রচনায় এই বইগুলোর গুরুত্ব অপরিহার্য হবে।
এ বছরের ২৪ থেকে ৩১ জানুয়ারি ‘জুলাই–জাগরণ’ শিরোনামেপ্রথম আলোশিল্পকলা একাডেমিতে একটি বিশেষ প্রদর্শনীর আয়োজন করেছিল। এতে প্রদর্শবস্তু হিসেবে ছিল অভ্যুত্থানের সময়প্রথম আলোয় প্রকাশিত লেখা ও ছবি, প্রথমা প্রকাশিত বই, অভ্যুত্থান নিয়ে প্রামাণ্যচিত্র, শহীদ কবিরের শিল্পকর্ম এবং ছবির অ্যালবাম ‘মুক্ত করো ভয়’। কিন্তু জুলাই আন্দোলনের বিভিন্ন স্মারক এবং সে সময়ে আত্মদান করা শহীদদের ব্যবহৃত দ্রব্যাদি এ প্রদর্শনীর দর্শকদের আবেগময় করে তোলে।
শিল্পকলা একাডেমিতে সেই প্রদর্শনী জানুয়ারিতে শেষ হলেওপ্রথম আলোসেটিকে চিরস্থায়ী করে রেখেছে একটি ওয়েবসাইটে। ‘জুলাই গণ–অভ্যুত্থান ২০২৪’ (july36. prothomalo. com) নামে ওয়েবসাইটে গিয়ে এখনো যে কেউ ভার্চ্যুয়াল ট্যুর দিয়ে সেই প্রদর্শনীটি দেখে আসতে পারেন। সেখানে দেখে আসতে পারেন সেই আন্দোলনেপ্রথম আলোর সাহসী সাংবাদিকতার নজির হিসেবে রাখা সব প্রতিবেদন আর ছবি; বস্তুত ওপরে যা কিছুর আলোচনা করেছি, প্রায় তার সবই। জুলাই গণ–অভ্যুত্থান নিয়েপ্রথম আলোর যাবতীয় কর্মকাণ্ড এই ওয়েবসাইটে উপস্থাপন করা হয়েছে।
জুলাই গণ–অভ্যুত্থান যেন কষ্টিপাথরের মতো আমাদের সাংবাদিকতার দায়দায়িত্বের পরীক্ষা নিতে এসেছিল। আমাদের কর্ম ও কীর্তি ইতিহাসের কাছে গচ্ছিত রইল।"
"টেলিভিশন সাংবাদিক পরিচয়ে ঘরে ঢুকে ডাকাতি, নিয়ে যায় ৪৫ লাখ টাকার গাড়িও","টেলিভিশন সাংবাদিক পরিচয় দিয়ে চট্টগ্রাম নগরের একটি বাসায় ঢুকে মালামাল লুট ও ৪৫ লাখ টাকা দামের গাড়ি নিয়ে যায় একদল ডাকাত। এ ঘটনায় মামলা হলে  নারীসহ সাতজনকে গ্রেপ্তার করা হয়েছে। আজ বৃহস্পতিবার দুপুরে নগরের বায়েজীদ বোস্তামী, ইপিজেড ও কোতোয়ালি এলাকায় অভিযান চালিয়ে তাঁদের গ্রেপ্তার করে গোয়েন্দা পুলিশ।
গ্রেপ্তার ব্যক্তিরা হলেন আবদুল মতিন, আশরাফুল ইসলাম, মো. মমিন, শারমিন আক্তার, নুর মোহাম্মদ সাব্বির, রোবেল হোসেন ও মো. ফয়সাল।
পুলিশ জানায়, ডাকাতির ঘটনা ঘটে ১০ অক্টোবর। নগরের খুলশী এলাকায় একটি বহুতল ভবনের চারতলার ফ্ল্যাটে মাই টিভির সাংবাদিক পরিচয়ে ১০ থেকে ১২ জনের একটি দল ঢোকেন। পরিবারের সদস্যদের অস্ত্রের মুখে জিম্মি করে স্বর্ণালংকার, নগদ টাকা, মুঠোফোন নিয়ে যায় ডাকাত দল। একপর্যায়ে বাসার নিচে থাকা সদ্য কেনা ৪৫ লাখ টাকা দামের টয়োটা করোলা প্রাইভেট কারটি তল্লাশি করা হবে বলে গৃহকর্মীকে নিচে নিয়ে যান। এরপর চাবি কেড়ে নিয়ে গাড়িটিসহ জিনিসপত্র নিয়ে তারা পালিয়ে যায়। এ সময় বাসায় কোনো পুরুষ লোক ছিল না। এই ঘটনায় খুলশী থানায় মামলা হয়।
নগর গোয়েন্দা পুলিশের উপকমিশনার (উত্তর) হাবিবুর রহমান সাংবাদিকদের বলেন, মামলাটি গোয়েন্দা পুলিশে (ডিবি) আসার পর ঘটনায় জড়িত সাতজনকে গ্রেপ্তার করা হয়েছে। তাঁদের কাছ থেকে ডাকাতি করা গাড়িটি উদ্ধার করা হয়। এ ছাড়া ডাকাতির কাজে ব্যবহৃত একটি মোটরসাইকেল জব্দ করে পুলিশ।
নগর গোয়েন্দা পুলিশের পরিদর্শক আফতাব হোসেন প্রথম আলোকে বলেন, গ্রেপ্তার সাতজনকে রিমান্ডে এনে জিজ্ঞাসাবাদ করা হচ্ছে। ঘটনার দিন তারা টেলিভিশনের সাংবাদিক সেজে হাতে মাইক্রোফোন নিয়ে যান। কিন্তু তারা কেউ সাংবাদিক না। নগরের বিভিন্ন জায়গায় দোকানে কাজ করেন। প্রাথমিকভাবে ধারণা করা হচ্ছে তাঁরা সাংবাদিক পরিচয় আগেও ডাকাতি করেছেন। কিন্তু ভুক্তভোগীরা কেউ হয়তো প্রকাশ করেনি নিজেদের দুর্বলতার কারণে।"
সাংবাদিকেরা সত্য তুলে ধরায় পার্শ্ববর্তী দেশ থেকে গুজব অনেকটা কমেছে: স্বরাষ্ট্র উপদেষ্টা,"স্বরাষ্ট্র উপদেষ্টা জাহাঙ্গীর আলম চৌধুরী বলেছেন, ‘পার্শ্ববর্তী দেশ অনেক সময় অনেক গুজব রটায়। তবে আপনারা (সাংবাদিকেরা) সত্য ঘটনা প্রকাশ করায় তাদের গুজব অনেকটা কমেছে। তারা মিথ্যা তথ্য রটালে আপনারা সঠিক মাধ্যমে সেটি প্রতিহত করবেন।’
আজ বুধবার দুপুর ১২টার দিকে গাজীপুর জেলা প্রশাসক কার্যালয়ে জাতীয় নির্বাচন সামনে রেখে আইনশৃঙ্খলা রক্ষাকারী বাহিনী ও প্রশাসনের সঙ্গে মতবিনিময় সভা শেষে এ কথাগুলো বলেন উপদেষ্টা।
স্বরাষ্ট্র উপদেষ্টা বলেন, ‘দুষ্কৃতকারীরা অনেক কিছু বলবে। কার্যক্রম নিষিদ্ধ দুষ্কৃতকারীরা যেন কোনো কার্যক্রম চালাতে না পারে, এ জন্য সব ধরনের ব্যবস্থা নেওয়া হবে। এ জন্য আপনাদের সাহায্য ও সহযোগিতা দরকার। কার্যক্রম নিষিদ্ধ দল অনেক সময় সামাজিক যোগাযোগমাধ্যমে অনেক গুজব রটাবে, এ বিষয়ে আপনাদের (সাংবাদিকদের) সচেতন থাকতে হবে। এ ছাড়া যারা জামিনে মুক্তি পাচ্ছে, তারা যদি অন্যায় করে, তাদের সঙ্গে সঙ্গে আইনের আওতায় আনা হবে।’
নির্বাচন নিয়ে উপদেষ্টা বলেন, আগামী ফেব্রুয়ারিতে নির্বাচন অনুষ্ঠিত হবে। এ জন্য আইনশৃঙ্খলা রক্ষাকারী বাহিনী ও প্রশাসনের সঙ্গে মতবিনিময় সভা ছিল। পাশাপাশি গাজীপুরের সমস্যা নিয়ে আলোচনা হয়েছে। নির্বাচন নিয়ে কতগুলো ফ্যাক্টর আছে, তবে জনগণ যখন নির্বাচনমুখী হয়ে যাবে, তখন সব অপপ্রচার ও চেষ্টা বিফলে যাবে। আরেকটি হলো, যাঁরা নির্বাচনে অংশগ্রহণ করবেন, তাঁদের একটা ভূমিকা ও নির্বাচন কমিশনের একটা ভূমিকা আছে। সবার সম্মিলিত চেষ্টা থাকলে নির্বাচনে কোনো সমস্যা হবে না।
মতবিনিময় সভায় উপস্থিত ছিলেন গাজীপুরের জেলা প্রশাসক নাফিজা আরেফিন, মহানগর পুলিশের কমিশনার (ভারপ্রাপ্ত) মোহাম্মদ জাহিদুল হাসান, পুলিশ সুপার চৌধুরী মো. যাবের সাদেকসহ কারা কর্তৃপক্ষ, ফায়ার সার্ভিস, মাদকদ্রব্য নিয়ন্ত্রণ অধিদপ্তর ও বিভিন্ন স্তরের আইনশৃঙ্খলা রক্ষাকারী বাহিনীর প্রতিনিধিরা।"
সিগন্যাল কেলেঙ্কারি নিয়ে বিবিসিকে যা বললেন ওই সাংবাদিক,"মার্কিন সাময়িকী আটলান্টিকের সম্পাদক জেফ্রি গোল্ডবার্গ একটি বিস্ফোরক প্রতিবেদন প্রকাশ করে এ বছরের সবচেয়ে বড় স্কুপ বা বাজিমাৎ খবর করার কৃতিত্ব পেয়েছিলেন। ওই প্রতিবেদনে জেফ্রি গোল্ডবার্গ জানিয়েছেন, কীভাবে মার্কিন সরকারের একজন জ্যেষ্ঠ কর্মকর্তা ভুল করে তাঁকে স্পর্শকাতর তথ্যে প্রবেশাধিকার দিয়েছিলেন। এ খবর প্রকাশের পর ট্রাম্প প্রশাসনের প্রত্যেক জ্যেষ্ঠ কর্মকর্তার রোষানলে পড়েছেন জেফ্রি।
কয়েক দিন ধরে মার্কিন প্রেসিডেন্ট ডোনাল্ড ট্রাম্প জেফ্রি গোল্ডবার্গকে ‘হতভাগা’ ও ‘বস্তাপচা নোংরা’ বলে গাল দিচ্ছেন। পাশাপাশি মার্কিন নিরাপত্তা উপদেষ্টা মাইকেল ওয়াল্টজও তাঁকে ‘মিথ্যাবাদী’ ও ‘নোংরা’ বলেছেন। চলতি মাসের শুরুর দিকে তিনিই জেফ্রিকে ভুল করে একটি গ্রুপ চ্যাটে যুক্ত করেছিলেন।
এভাবে রাজনৈতিক রোষের লক্ষ্য হওয়ার আগে অবশ্য জেফ্রি গোল্ডবার্গ তাঁর মুঠোফোনে এক বিরল কথা চালাচালি দেখে নিয়েছিলেন। মার্কিন পররাষ্ট্রমন্ত্রী মার্কো রুবিও, প্রতিরক্ষামন্ত্রী পিট হেগসেথ, সিআইএ পরিচালক জন র‍্যাটক্লিফ এবং জাতীয় গোয়েন্দা সংস্থার পরিচালক তুলসী গ্যাবার্ডসহ মার্কিন মন্ত্রিসভার কর্মকর্তারা ইয়েমেনে আসন্ন সামরিক অভিযানের স্পর্শকাতর বিস্তারিত তথ্য, সময় এবং লক্ষ্যবস্তু নিয়ে আলোচনা করছিলেন। তাঁরা সেখানে জেফ্রির উপস্থিতি লক্ষ্য করেননি বলে মনে হয়েছিল।
গতকাল বুধবার বিবিসিকে দেওয়া এক সাক্ষাৎকারে জেফ্রি বলেন, এসব কিছুর শুরু হয়েছিল তিনি তাঁর মুঠোফোনে একটি বার্তা পাওয়া পর। বার্তাটি এসেছিল সিগন্যাল নামে বার্তা আদান-প্রদানের অ্যাপে। অ্যাপটি সাধারণ মানুষের জন্য। এর মাধ্যমে ব্যবহারকারীরা একে অন্যের কাছে সুরক্ষিত বার্তা পাঠাতে পারেন। সাংবাদিক ও সরকারি কর্মকর্তাদের কাছে অ্যাপটি বেশ জনপ্রিয়। ওয়াল্টজের নামে একটি অ্যাকাউন্ট থেকে জেফ্রিকে একটি বার্তা পাঠানো হয়েছিল। বিষয়টিকে তাঁর কাছে প্রথমে ধোঁকা বলে মনে হয়েছিল।
গুপ্তচরবিষয়ক প্রয়াত ব্রিটিশ ঔপন্যাসিকের কথা উল্লেখ করে আটলান্টিকের সম্পাদক জেফ্রি গোল্ডবার্গ বলেন, ‘ব্যাপারটায় একটা লু কারীয় মাত্রা থাকলে ভালো হতো। কিন্তু তিনি (ওয়াল্টজ) আমাকে কথা বলার আমন্ত্রণ পাঠালেন। আমি রাজি হলাম। এরপর আমি নিজেকে যুক্তরাষ্ট্রের জাতীয় নিরাপত্তা নেতৃত্বের সঙ্গে একটি অদ্ভুত চ্যাট গ্রুপে আবিষ্কার করলাম।’
এই ঘটনা ওয়াশিংটনে আলোড়ন সৃষ্টি করার পর ওয়াল্টজ জেফ্রিকে ভুল করে ওই গ্রুপ চ্যাটে যুক্ত করার দায় নেন। তিনি বলেন, আসলে অন্য একজনকে ওই গ্রুপে যুক্ত করতে চেয়েছিলেন।
ওই সম্পাদকের সঙ্গে কখনোই দেখা হয়নি বলে জোর দিয়ে ওয়াল্টজ বলেন, ‘ভিড়ের মধ্যে তাঁর সঙ্গে ধাক্কা খেলে বা পুলিশের দাঁড় করানো সন্দেহজনকদের সারিতে দেখলে আমি তাঁকে চিনতে পারব না।’
তবে জেফ্রি গোল্ডবার্গের বয়ান অনুযায়ী, তাঁরা দুজন আসলে বেশ কয়েকবার দেখা করেছেন। যদিও তাঁদের মধ্যকার সম্পর্কের বিষয়ে বিস্তারিত তথ্য দিতে অস্বীকৃতি জানিয়েছেন জেফ্রি। তিনি বলেন, ‘তিনি (ওয়াল্টজ) যা মন চায়, তা বলতেই পারেন। কিন্তু আমি কারও সঙ্গে আমার ব্যক্তিগত সম্পর্কের ব্যাপারে মন্তব্য করব না। একজন প্রতিবেদক হিসেবে খবরে থাকা মানুষদের সঙ্গে আমার কী সম্পর্ক আছে বা নেই, তা নিয়ে আমি কথা বলতে স্বাচ্ছন্দ্যবোধ করি না।’
তবু একটি বিষয় স্পষ্ট: সিগন্যাল নামের ওই অ্যাপের মাধ্যমে কারও সঙ্গে যোগাযোগ করার জন্য আপনার কাছে তাঁর ফোন নম্বর থাকতে হবে। আর এর অর্থ হল ওয়াল্টজের কাছে জেফ্রি গোল্ডবার্গের ফোন নম্বর ছিল। এই শীর্ষ নিরাপত্তা উপদেষ্টা বলেছেন, তিনি প্রযুক্তি খাতের ধনকুবের এবং হোয়াইট হাউসের সরকারি দক্ষতাবিষয়ক বিভাগের প্রধান ইলন মাস্ককে ভুলটি কীভাবে ঘটেছে, তা তদন্ত করতে বলেছেন। জেফ্রি গোল্ডবার্গ এই পদক্ষেপকে হাস্যকর বলেছেন।
আটলান্টিকের সম্পাদক বলেন, ‘আসলেই, আপনি ইলন মাস্ককে এমন প্রশ্নের মুখে দাঁড় করাচ্ছেন যে একজনের ফোন নম্বর কীভাবে অন্যজনের ফোনে চলে যায়? মানে, ৮ বছরের একটি শিশুও এটা জানে।’
জেফ্রি বলেন, সবচেয়ে বড় প্রশ্ন হলো ‘জাতীয় নিরাপত্তা কর্মকর্তা হিসেবে মুঠোফোনে সিগন্যাল অ্যাপ ব্যবহার করে কি এই কাজ (রাষ্ট্রীয় স্পর্শকাতর বিষয় নিয়ে আলোচনা) করা উচিত?’
গত সোমবার আটলান্টিকে প্রকাশিত খবরে ওই গ্রুপ চ্যাটে ভুলবশত প্রবেশাধিকার পাওয়ার বিষয়টি প্রথম সামনে আনেন জেফ্রি। ওই চ্যাটে ১৪ মার্চ ইয়েমেনে হুতি বিদ্রোহীদের লক্ষ্যবস্তুতে চালানো বোমা হামলার সুনির্দিষ্ট বিবরণ ছিল। আটলান্টিকে প্রকাশিত ওই খবরে সেসব খুঁটিনাটি গোপন রেখেছেন জেফ্রি।
তবে ট্রাম্প প্রশাসনের কর্মকর্তারা প্রতিবেদনটিকে খাটো করে দেখেন। তাঁরা জেফ্রিকে মিথ্যাবাদী বলে অভিহিত করেন এবং ওই অ্যাপে রাষ্ট্রীয় সংবেদনশীল তথ্য আদান-প্রদানের দাবিকে চ্যালেঞ্জ করেন।
আর তাই দুই দিন পর সাময়িকীটি ওই গ্রুপে হওয়া সম্পূর্ণ কথোপকথন ছেপে দেয়। সেখানে অভিযানের বিস্তারিত তথ্যাদিসহ হেগসেথের বেশ কয়েকটি বার্তাও ছিল। বিবিসি জেফ্রির কাছে জানতে চেয়েছে, এটি কি কঠিন সিদ্ধান্ত ছিল? তিনি বলেন, ‘একবার ডোনাল্ড ট্রাম্প বলেছেন যে, এখানে মূলত দেখার মতো কিছুই নেই। একবার তুলসী গ্যাবার্ড এবং জন র‍্যাটক্লিফ বলেছিলেন যে কোনো স্পর্শকাতর তথ্য নেই, কোনো গোপন তথ্য নেই ইত্যাদি। আমাদের মনে হয়েছিল, এর সঙ্গে আমরা একমত নই। তাঁরা এসব কথা বলছেন। কিন্তু আমাদের কাছে তো লিখিত বার্তাগুলো আছে। তাই আমাদের মনে হয়েছে, হয়তো মানুষের এগুলো দেখা উচিত।’
ওই গ্রুপ চ্যাটে ইয়েমেনে প্রথম ধাপে হামলার আগে পাঠানো বার্তা রয়েছে। সেখানে এফ-১৮ যুদ্ধবিমান কখন উড়বে, কখন হুতিদের লক্ষ্যবস্তুতে প্রথম বোমা ফেলা হবে এবং কখন টমাহক ক্ষেপণাস্ত্র নিক্ষেপ করা হবে, তার বিশদ বর্ণনা ছিল। তবে এ ব্যাপারে হেগসেথ পাল্টা যুক্তি দিয়ে বলেছেন, স্পষ্টতই এগুলো ‘যুদ্ধ পরিকল্পনা’ ছিল না। এর কোনটিই গোপন তথ্য ছিল না।
এদিকে গত বুধবার মার্কিন প্রেসিডেন্ট ডোনাল্ড ট্রাম্প হেগসেথের প্রতি তার সমর্থন প্রকাশ করে বলেন, তিনি ‘দুর্দান্ত কাজ করছেন’। এ সময় ট্রাম্প গোল্ডবার্গকে ‘বস্তাপচা নোংরা’ বলে বর্ণনা করেন। হোয়াইট হাউসও যুক্তি দেওয়ার চেষ্টা করেছে যে ওই অ্যাপে আদান-প্রদান করা তথ্য আসলে যুদ্ধ পরিকল্পনা ছিল না।
জেফ্রি গোল্ডবার্গকে এসব অপমান এবং দাবিতে বিচলিত বলে মনে হলো না। তিনি বলেন, ‘যদি প্রতিরক্ষা সচিব পিট হেগসেথ আমাকে বার্তা পাঠিয়ে বলেন যে ইয়েমেনে আক্রমণ শুরু হতে চলেছে—আমাকে বলেন যে কোন ধরনের বিমান ব্যবহার করা হবে, কোন ধরনের অস্ত্র ব্যবহার করা হবে এবং বার্তা পাঠানোর দুই ঘণ্টা পর কখন বোমা পাঠানো হবে—আমার কাছে এসব স্পর্শকাতর তথ্য এবং যুদ্ধ পরিকল্পনার তথ্য বলে মনে হয়।
ট্রাম্প এখনো পর্যন্ত তাঁর জাতীয় নিরাপত্তা দলকে রক্ষা করে আসছেন এবং তিনি এসব বার্তা ফাঁস হওয়ার ঘটনায় কাউকে বরখাস্ত করতে আগ্রহী বলেও মনে হচ্ছে না। বরং তিনি আটলান্টিকে প্রকাশিত ওই প্রতিবেদনকে তাঁর প্রশাসনের বিরুদ্ধে সাংবাদিকদের আক্রমণ হিসেবে দেখছেন।"
